Name,Meal,Brand,Calories,Carbs,Fat,Protein,Amount,Units
"pillers - black forest ham, thin slice"," black forest ham, thin slice",pillers ,14,0,0,2,0.7,slices
oakrun farm - muffin anglais, muffin anglais,oakrun farm ,137,28,1,5,1.05,muffin
kraft - cracker barrel monterey jack with jalape o cheese slice, cracker barrel monterey jack with jalape o cheese slice,kraft ,70,0,6,5,20.0,g
selection - large white eggs, large white eggs,selection ,70,1,5,6,1.0,egg
pillers - simply free smoked black forest ham, simply free smoked black forest ham,pillers ,16,0,0,3,0.93,slices
becel - buttery margarine, buttery margarine,becel ,70,0,8,0,2.0,tsp
aunt jemima - lite syrup 50  less calories, lite syrup 50  less calories,aunt jemima ,54,13,0,0,2.01,tbsp
compliments balance - whole wheat waffles, whole wheat waffles,compliments balance ,140,27,2,5,2.0,waffles
pillers - simply free smoked black forest ham, simply free smoked black forest ham,pillers ,17,0,1,3,1.02,slices
kraft cracker barrel - mild cheddar cheese slices  cdn , mild cheddar cheese slices  cdn ,kraft cracker barrel ,80,0,7,5,1.0,slice
oakrun farm - muffin anglais, muffin anglais,oakrun farm ,130,27,1,5,1.0,muffin
generic - quaker quick oats, quaker quick oats,generic ,120,20,2,4,0.3333333333333333,cup
neilson - 1  milk , 1  milk ,neilson ,37,4,1,3,85.0,ml
"danone  canada  - oikos 0  greek yogurt, plain"," oikos 0  greek yogurt, plain",danone  canada  ,67,5,0,11,0.5025000000000001,cup
kirkland honey miel - honey, honey,kirkland honey miel ,20,6,0,0,6.6,g
maranatha - no stir almond butter  crunchy  mel, no stir almond butter  crunchy  mel,maranatha ,17,1,1,1,0.17,tbsp
president s choice - frozen cherries, frozen cherries,president s choice ,45,11,0,1,0.5,cup
maranatha - no stir almond butter  crunchy  mel, no stir almond butter  crunchy  mel,maranatha ,50,2,4,2,0.5,tbsp
bobs red mill - chia seeds, chia seeds,bobs red mill ,19,2,1,1,0.31,tbsp
kirkland honey miel - honey, honey,kirkland honey miel ,21,6,0,0,7.0,g
oakrun farm bakery  can  - 100  whole wheat english muffin, 100  whole wheat english muffin,oakrun farm bakery  can  ,130,24,2,5,1.0, 57g 
generic - tomatoes  red  - fresh - chopped or sliced, tomatoes  red  - fresh - chopped or sliced,generic ,4,1,0,0,0.22,cup
dempsters  canada  - english muffin, english muffin,dempsters  canada  ,130,23,2,5,1.0, 57g 
generic - tomatoes  red  - fresh - chopped or sliced, tomatoes  red  - fresh - chopped or sliced,generic ,3,1,0,0,0.18,cup
generic - tomatoes  red  - fresh - chopped or sliced, tomatoes  red  - fresh - chopped or sliced,generic ,2,0,0,0,0.14,cup
pillers - simply free smoked black forest ham, simply free smoked black forest ham,pillers ,18,0,1,3,1.08,slices
kraft cracker barrel - swiss cheese slices, swiss cheese slices,kraft cracker barrel ,70,0,6,6,1.0,slice
generic - tomatoes  red  - fresh - chopped or sliced, tomatoes  red  - fresh - chopped or sliced,generic ,3,1,0,0,0.16,cup
generic - tomatoes  red  - fresh - chopped or sliced, tomatoes  red  - fresh - chopped or sliced,generic ,3,1,0,0,0.17,cup
apple - royal gala, royal gala,apple ,25,6,0,0,0.28,apple
raisins - seedless, seedless,raisins ,18,5,0,0,6.0,g
"danone  canada  - oikos 0  greek yogurt, plain"," oikos 0  greek yogurt, plain",danone  canada  ,71,6,0,12,0.5325,cup
bananas - raw, raw,bananas ,90,23,0,1,1.0,small
"kraft - feta cheese oregano,sun dried tomato,cracked peppercorn "," feta cheese oregano,sun dried tomato,cracked peppercorn ",kraft ,42,0,3,3,0.1175,cup
fresh attitude - baby spinach, baby spinach,fresh attitude ,3,1,0,0,14.0,g
dempster s - ancient grains tortilla, ancient grains tortilla,dempster s ,100,15,3,3,34.0,g
derlea foods - julienne sun dried tomatoes, julienne sun dried tomatoes,derlea foods ,16,3,0,1,7.05,g
dempster s - ancient grains tortilla, ancient grains tortilla,dempster s ,106,16,3,3,36.04,g
"kraft - feta cheese oregano,sun dried tomato,cracked peppercorn "," feta cheese oregano,sun dried tomato,cracked peppercorn ",kraft ,45,1,4,3,0.125,cup
derlea foods - julienne sun dried tomatoes, julienne sun dried tomatoes,derlea foods ,19,4,0,1,7.95,g
fresh attitude - baby spinach, baby spinach,fresh attitude ,3,1,0,0,12.5,g
mushrooms - raw, raw,mushrooms ,5,1,0,1,24.0,g
derlea foods - julienne sun dried tomatoes, julienne sun dried tomatoes,derlea foods ,21,4,0,1,9.0,g
meijer - organic mini bella mushrooms, organic mini bella mushrooms,meijer ,5,1,0,1,1.2,mushrooms
selection - large white eggs, large white eggs,selection ,140,2,10,12,2.0,egg
bacon crumbled - kirkland crumbled bacon, kirkland crumbled bacon,bacon crumbled ,70,0,4,6,2.0,tbls
selection - tex mex light shredded cheese, tex mex light shredded cheese,selection ,36,0,2,3,0.1,cup
"sweet potato - cooked, baked in skin, with salt  sweetpotato "," cooked, baked in skin, with salt  sweetpotato ",sweet potato ,102,23,0,2,4.0,oz s 
syrup - maple syrup  canada , maple syrup  canada ,syrup ,110,27,0,0,2.0,tbsp
no name brand - thompson seedless raisins  canada , thompson seedless raisins  canada ,no name brand ,33,8,0,0,10.0,g
wine - riesling, riesling,wine ,216,10,0,0,9.0,oz
irresistibles - cultivated blueberries frozen, cultivated blueberries frozen,irresistibles ,35,9,1,1,70.0,g
irresistibles - berry cherry fusion mixed fruit frozen, berry cherry fusion mixed fruit frozen,irresistibles ,40,9,0,1,0.5,cup
"danone  canada  - oikos 0  greek yogurt, plain"," oikos 0  greek yogurt, plain",danone  canada  ,71,6,0,12,0.5324999839067459,cup
organic eggs - eggs, eggs,organic eggs ,140,0,10,12,2.0,egg
bananas - raw, raw,bananas ,90,23,0,1,1.0,small
butter - unsalted, unsalted,butter ,51,0,6,0,0.5,tbsp
fruit  - black plum, black plum,fruit  ,20,5,0,0,1.0,medium
garden - veggie straws, veggie straws,garden ,33,4,2,0,0.25,ounce
celestial seasonings - sleepytime vanilla tea caffeine free, sleepytime vanilla tea caffeine free,celestial seasonings ,0,0,0,0,1.0,tea
land o lakes - heavy whipping cream, heavy whipping cream,land o lakes ,150,0,15,0,3.0,tbsp
egglands best - large egg, large egg,egglands best ,180,0,12,18,3.0,egg
butter - unsalted, unsalted,butter ,204,0,23,0,2.0,tbsp
"ground beef - whole foods, grass fed, 85 15"," whole foods, grass fed, 85 15",ground beef ,60,0,4,5,1.0,oz
sardines - sardine, sardine,sardines ,28,0,4,6,25.0,g
butter - unsalted, unsalted,butter ,102,0,12,0,1.0,tbsp
chex - gluten free oatmeal - original packet, gluten free oatmeal - original packet,chex ,130,24,3,5,1.0,pouch
"farmhouse - all natural, cage free, large eggs"," all natural, cage free, large eggs",farmhouse ,210,0,15,18,3.0,egg
butter - unsalted, unsalted,butter ,305,0,35,0,3.0,tbsp
trader joe s - coconut oil, coconut oil,trader joe s ,120,0,14,0,1.0,tbsp 
westsoy - organic unsweetend soymilk, organic unsweetend soymilk,westsoy ,135,8,7,14,1.5,cup
nice - roasted almonds w  light sea salt, roasted almonds w  light sea salt,nice ,90,3,8,3,0.125,cup
"farmhouse - all natural, cage free, large eggs"," all natural, cage free, large eggs",farmhouse ,140,0,10,12,2.0,egg
cheese - cheddar, cheddar,cheese ,57,0,5,4,0.5,oz
bananas - raw, raw,bananas ,53,13,0,1,0.5,medium
quaker oats instant oatmeal - quaker oatmeal - typical, quaker oatmeal - typical,quaker oats instant oatmeal ,160,19,2,4,1.0,packet
westsoy - organic unsweetend soymilk, organic unsweetend soymilk,westsoy ,45,3,2,5,0.5,cup
organic produce - gala apple, gala apple,organic produce ,40,11,0,0,0.5,medium
blueberries - raw, raw,blueberries ,21,5,0,0,0.25,cup
quaker - quick cooking oatmeal, quick cooking oatmeal,quaker ,150,27,3,5,0.5,cup
fresh fruit - small satsuma, small satsuma,fresh fruit ,36,19,0,1,2.0,fruit
butter - unsalted, unsalted,butter ,72,0,8,0,10.0,g s 
duke s mayo - mayonnaise, mayonnaise,duke s mayo ,50,0,6,0,0.5,tbsp
swerve - zero calorie sweetener, zero calorie sweetener,swerve ,0,0,0,0,1.0,tsp
tetley - earl grey tea, earl grey tea,tetley ,0,0,0,0,1.0,cup
westsoy - organic unsweetend soymilk, organic unsweetend soymilk,westsoy ,90,5,5,9,1.0,cup
eggs - fried  whole egg , fried  whole egg ,eggs ,185,1,14,13,2.0,large
eggs - fried  whole egg , fried  whole egg ,eggs ,92,0,7,6,1.0,large
malt-o-meal - oat blenders with honey,o-meal - oat blenders with honey,malt,180,38,2,3,1.0,1 8
"eggs - whole, raw"," whole, raw",eggs ,147,1,10,13,2.0,large
roth - 3 chile pepper gouda, 3 chile pepper gouda,roth ,100,0,8,7,1.0,oz 
"eggs - whole, raw"," whole, raw",eggs ,74,0,5,6,1.0,large
quaker - cooked quick oats, cooked quick oats,quaker ,218,38,4,9,1.5,cups
generic - organic raw honey, organic raw honey,generic ,11,3,0,0,0.5,tsp s 
generic - turkey wing- baked, turkey wing- baked,generic ,220,0,14,23,4.0,oz
radish - red radish, red radish,radish ,14,3,0,1,3.0,oz 
"eggs - white only, raw"," white only, raw",eggs ,126,2,0,26,1.0,cup
"low carb - crackslaw, hamburger, cabbage "," crackslaw, hamburger, cabbage ",low carb ,113,3,8,8,0.5,cups
kerrygold - pure irish butter salted, pure irish butter salted,kerrygold ,50,0,6,0,0.5,tablespoon
westsoy - organic unsweetend soymilk, organic unsweetend soymilk,westsoy ,113,6,6,11,1.25,cup
malt-o-meal - oat blenders with honey,o-meal - oat blenders with honey,malt,240,50,3,4,1.0,1 2
kerrygold - pure irish butter salted, pure irish butter salted,kerrygold ,100,0,11,0,1.0,tablespoon
blackberries - raw, raw,blackberries ,24,5,0,1,2.0,oz s 
sugar - splenda - 2 packet, splenda - 2 packet,sugar ,0,0,0,0,2.0,packets
sugar - splenda - 2 packet, splenda - 2 packet,sugar ,0,0,0,0,1.0,packets
mission - carb smart tortilla - burrito, carb smart tortilla - burrito,mission ,120,19,3,5,1.0,tortilla
"sweet potato - raw, unprepared  sweetpotato "," raw, unprepared  sweetpotato ",sweet potato ,22,5,0,0,25.0,g
avocados - raw, raw,avocados ,80,4,7,1,50.0,g
omghee - ghee, ghee,omghee ,120,0,14,0,1.0,tbsp
omghee - ghee, ghee,omghee ,60,0,7,0,0.5,tbsp
whole foods - smoked   gouda, smoked   gouda,whole foods ,55,0,4,4,0.5,oz
avocados - raw, raw,avocados ,240,13,22,3,150.0,g
"eggs - whole, raw"," whole, raw",eggs ,221,1,15,19,3.0,large
jicama - j cama raw, j cama raw,jicama ,11,3,0,0,30.0,g
royal gala - apple - large, apple - large,royal gala ,27,6,0,0,0.25,apple
duke s mayo - mayonnaise, mayonnaise,duke s mayo ,25,0,3,0,0.25,tbsp
s s - ground beef 93 , ground beef 93 ,s s ,85,0,4,12,2.0,oz
bertolli - extra-virgin olive oil, extra-virgin olive oil,bertolli ,30,0,4,0,0.25,tbsp
tomatoes - roma, roma,tomatoes ,11,3,0,1,61.5,g
sabra - roasted red pepper hummus  grams , roasted red pepper hummus  grams ,sabra ,35,2,3,1,14.0,g
v8 - v8 100  vegetable juice - spicy hot - low sodium, v8 100  vegetable juice - spicy hot - low sodium,v8 ,38,8,0,2,6.0,fl 
sam s club - 90  lean 10  fat ground beef, 90  lean 10  fat ground beef,sam s club ,100,0,6,12,2.0,oz
sugar snap peas - steamed, steamed,sugar snap peas ,20,4,0,1,0.5,cup
great value - cut brocolli, cut brocolli,great value ,15,3,0,2,0.5,cup
wholly guacamole - avocado ranch minis, avocado ranch minis,wholly guacamole ,50,3,5,1,0.5,mini
babybel - light cheese, light cheese,babybel ,50,0,3,6,1.0,piece
life savers - wintergreen mints, wintergreen mints,life savers ,30,8,0,0,2.0,pieces
oikos - black cherry greek yogurt, black cherry greek yogurt,oikos ,130,21,0,12,150.0,grams
odwalla bar - sweet   salty almond, sweet   salty almond,odwalla bar ,220,22,11,7,1.0,bar
herbalife - total control, total control,herbalife ,0,0,0,0,2.0,tablet
herbalife - cell activator, cell activator,herbalife ,0,0,0,0,1.0,capsule
philadelphia - cream cheese  single serving tub , cream cheese  single serving tub ,philadelphia ,90,2,8,2,1.0,tub
rockland bakery - cinnamon raisin bagel, cinnamon raisin bagel,rockland bakery ,300,70,2,10,1.0,bagel
herbalife - total control, total control,herbalife ,0,0,0,0,1.0,tablet
herbalife - aminogen, aminogen,herbalife ,0,0,0,0,2.0,tablet
herbalife - multi vitamin, multi vitamin,herbalife ,0,0,0,0,1.0,tablet
sodexo workplace - coffee aspretto 12 oz, coffee aspretto 12 oz,sodexo workplace ,0,0,0,0,9.0,oz
ampi butter - butter, butter,ampi butter ,200,0,22,0,2.0,tbsp
sysco - pork sausage patties, pork sausage patties,sysco ,250,1,24,7,2.0,patties
splenda - substitute sugar packet, substitute sugar packet,splenda ,4,1,0,0,2.0,packet
ampi butter - butter, butter,ampi butter ,300,0,33,0,3.0,tbsp
lipton - 100  natural tea - black, 100  natural tea - black,lipton ,0,0,0,0,1.0,tea
equal - sweetener - sugar, sweetener - sugar,equal ,0,2,0,0,2.0,packet
herbalife - aminogen, aminogen,herbalife ,0,0,0,0,1.0,tablet
herbalife - snack defense, snack defense,herbalife ,0,0,0,0,1.0,tablet
pomergrante jacci - fruit, fruit,pomergrante jacci ,83,19,1,2,100.0,g
"generic - blackberries  fresh, raw "," blackberries  fresh, raw ",generic ,15,3,0,0,0.25,cup
life savers - wintergreen mints, wintergreen mints,life savers ,15,4,0,0,1.0,pieces
bobs - soft peppermint, soft peppermint,bobs ,40,10,0,0,2.0,pieces
aldi fit active - milk chocolate weight loss shake, milk chocolate weight loss shake,aldi fit active ,380,50,12,20,22.0,oz
bobs - soft peppermint, soft peppermint,bobs ,60,15,0,0,3.0,pieces
ampi butter - butter, butter,ampi butter ,100,0,11,0,1.0,tbsp
nature s partner - vitalberry - blackberries, vitalberry - blackberries,nature s partner ,45,11,0,0,0.5,container
"fruit - banana - medium 7""-7 7 8"""," banana - medium 7""-7 7 8""",fruit ,210,54,1,3,236.0,g
wegmans - medium gala apple, medium gala apple,wegmans ,80,17,0,0,1.0,med
trader joes - persimmon salad, persimmon salad,trader joes ,310,33,16,7,1.0,container
pomergrante jacci - fruit, fruit,pomergrante jacci ,577,132,8,12,695.0,g
fruit - banana by gram, banana by gram,fruit ,303,78,1,4,341.0,grams
fruit - banana by gram, banana by gram,fruit ,107,27,0,1,120.0,grams
block and barrel imperial - cream cheese, cream cheese,block and barrel imperial ,100,2,9,2,1.0,oz
aldi fit active - milk chocolate weight loss shake, milk chocolate weight loss shake,aldi fit active ,190,25,6,10,11.0,oz
herbalife - praline and cream with water, praline and cream with water,herbalife ,180,26,2,18,4.0,scoops
herbalife - praline and cream with water, praline and cream with water,herbalife ,90,13,1,9,2.0,scoops
"fruit - banana - medium 7""-7 7 8"""," banana - medium 7""-7 7 8""",fruit ,105,27,0,1,118.0,g
trader joes - turbinado raw cane sugar, turbinado raw cane sugar,trader joes ,135,36,0,0,9.0,tsp
coburn farms - almond vanilla milk, almond vanilla milk,coburn farms ,270,48,8,3,24.0,oz
herbalife - praline and cream with water, praline and cream with water,herbalife ,270,39,3,27,6.0,scoops
save-a-lot coburn farms - cream cheese,a-lot coburn farms - cream cheese,save,180,4,18,4,2.0,oz 
sodexo workplace - coffee aspretto 12 oz, coffee aspretto 12 oz,sodexo workplace ,0,0,0,0,12.0,oz
home churned country style - butter, butter,home churned country style ,420,0,42,0,6.0,tbsp
persimmon - raw fruit, raw fruit,persimmon ,70,19,0,1,100.0,g
general mills - cheerios to go cup corrected, cheerios to go cup corrected,general mills ,150,29,3,5,1.0,container
coburn farms - deluxe american cheese slices, deluxe american cheese slices,coburn farms ,140,2,12,8,2.0,slice
allure sweetener - artificial sweetener, artificial sweetener,allure sweetener ,0,1,0,0,1.0,packet
happy harvest - leaf spinach, leaf spinach,happy harvest ,20,3,0,2,0.5,cup
home churned country style - butter, butter,home churned country style ,210,0,21,0,3.0,tbsp
aldi s - extra value beef patties  net carbs   amm, extra value beef patties  net carbs   amm,aldi s ,740,12,58,32,8.0,oz 
aldi s - extra value beef patties  net carbs   amm, extra value beef patties  net carbs   amm,aldi s ,370,6,29,16,4.0,oz 
coffee - brewed from grounds, brewed from grounds,coffee ,4,0,0,0,12.0,fl
louanna - pure coconut oil, pure coconut oil,louanna ,120,0,14,0,14.0,g
"atkins - cabbage, green, cooked   net carbs"," cabbage, green, cooked   net carbs",atkins ,34,4,1,2,1.0,cup
kerrygold - pure irish butter salted, pure irish butter salted,kerrygold ,200,0,22,0,2.0,tablespoon
allure sweetener - artificial sweetener, artificial sweetener,allure sweetener ,0,2,0,0,2.0,packet
butterball - everyday turkey bacon in grams, everyday turkey bacon in grams,butterball ,21,0,2,2,12.0,g
raw - avacado  100 grams , avacado  100 grams ,raw ,182,10,17,2,114.0,grams
banquet - original brown  n serve fully cooked sausage patties, original brown  n serve fully cooked sausage patties,banquet ,300,2,26,12,4.0,patties
coke - diet coke 16 oz  473ml , diet coke 16 oz  473ml ,coke ,0,0,0,0,1.0,bottle
kerrygold - pure irish butter salted, pure irish butter salted,kerrygold ,300,0,33,0,3.0,tablespoon
butterball - everyday turkey bacon in grams, everyday turkey bacon in grams,butterball ,13,0,1,1,7.0,g
coburn farms - cream cheese spread, cream cheese spread,coburn farms ,180,4,18,4,4.0,tbsp
"gwaltney - pork sausage, mild"," pork sausage, mild",gwaltney ,405,0,44,14,2.64,oz
food for you - pumpkin seeds, pumpkin seeds,food for you ,355,8,28,18,0.4925,cup
trader joes - spinach   kale greek yogurt dip, spinach   kale greek yogurt dip,trader joes ,120,8,10,4,8.0,tbsp
planters - peanuts - lightly salted  in grams , peanuts - lightly salted  in grams ,planters ,330,9,29,15,56.0,g
international delight - single serve half   half creamer, single serve half   half creamer,international delight ,40,0,4,0,4.0,creamer
generic - wonderful almonds, wonderful almonds,generic ,250,9,22,9,43.0,g
smart food popcorn - white cheddar cheese popcorn, white cheddar cheese popcorn,smart food popcorn ,160,14,10,3,1.75,cups
great lakes cheese - cheese stick, cheese stick,great lakes cheese ,160,0,12,14,2.0,stick
tipton grove - whole strawberries, whole strawberries,tipton grove ,50,13,0,0,1.0,cup
international delight - single serve half   half creamer, single serve half   half creamer,international delight ,20,0,2,0,2.0,creamer
vegetable bird s nests  trader joe s  - without sauce, without sauce,vegetable bird s nests  trader joe s  ,560,56,36,0,1.0,container
stroehmann - dutch country 100  whole wheat, dutch country 100  whole wheat,stroehmann ,180,36,2,8,2.0,slice
save-a-lot wylwood - cut leaf spinach,a-lot wylwood - cut leaf spinach,save,1020,153,0,102,17.0,container
raw - avacado  100 grams , avacado  100 grams ,raw ,78,4,7,1,49.0,grams
fruit - banana by gram, banana by gram,fruit ,115,30,0,1,129.0,grams
save-a-lot wylwood - cut leaf spinach,a-lot wylwood - cut leaf spinach,save,60,9,0,6,1.0,container
orange juice - raw, raw,orange juice ,112,26,0,2,1.0,cup
meat - ny strip steak, ny strip steak,meat ,161,0,6,25,3.15,ounce
meat - ny strip steak, ny strip steak,meat ,212,0,8,33,4.15,ounce
home churned  save-a-lot  - sweet cream salted butter,a-lot  - sweet cream salted butter,home churned  save,800,0,88,0,8.0,tbsp
save-a-lot wylwood - cut leaf spinach,a-lot wylwood - cut leaf spinach,save,50,8,0,5,1.25,cup
raw - avacado  100 grams , avacado  100 grams ,raw ,270,15,25,3,169.0,grams
america s choice - chicken drumsticks, chicken drumsticks,america s choice ,900,0,50,110,5.0,drumsticks
raw - avacado  100 grams , avacado  100 grams ,raw ,960,54,90,12,600.0,grams
coburn farms - deluxe sliced american cheese, deluxe sliced american cheese,coburn farms ,140,2,12,8,2.0,slice
coffee - brewed from grounds, brewed from grounds,coffee ,2,0,0,0,1.0,cup
coburn farms - sweet cream butter, sweet cream butter,coburn farms ,100,0,11,0,1.0,tbsp 
raw - avacado  100 grams , avacado  100 grams ,raw ,171,10,16,2,107.0,grams
chicken - baked drumstick - with skin and bone, baked drumstick - with skin and bone,chicken ,261,0,14,32,4.8,oz 105g
louanna - pure coconut oil, pure coconut oil,louanna ,240,0,28,0,28.0,g
mantia s italiano - 100  grated parmesan cheese no fillers, 100  grated parmesan cheese no fillers,mantia s italiano ,20,0,2,2,1.0,tablespoon
planters - sunflower kernels - not in shell, sunflower kernels - not in shell,planters ,510,15,45,18,1.0,container
farmland - premium pork sausage patties  fully cooked , premium pork sausage patties  fully cooked ,farmland ,300,2,28,12,2.0,patty
community coffee - dark roast, dark roast,community coffee ,2,0,0,0,8.0,fl
international delight - single serve half   half creamer, single serve half   half creamer,international delight ,30,0,3,0,3.0,creamer
a   w - diet rootbeer, diet rootbeer,a   w ,0,0,0,0,20.0,oz 
costco - rotisserie chicken and dumplings, rotisserie chicken and dumplings,costco ,400,67,7,19,8.0,oz 
optimum nutrition  on  - 100  whey gold standard vanilla ice cream  whey protein isolates  blend , 100  whey gold standard vanilla ice cream  whey protein isolates  blend ,optimum nutrition  on  ,120,3,1,24,29.4,g
save-a-lot brand - home churned country style spread ,a-lot brand - home churned country style spread ,save,70,0,7,0,1.0,tbsp
nature s measure - women s daily formula, women s daily formula,nature s measure ,0,0,0,0,1.0,pill
juice plus  - orchard blend, orchard blend,juice plus  ,5,1,0,0,2.0,capsules
juice plus  - garden blend, garden blend,juice plus  ,5,1,0,0,2.0,capsules
tipton grove - whole strawberries, whole strawberries,tipton grove ,150,39,0,0,1.0,container
louanna - pure coconut oil, pure coconut oil,louanna ,360,0,42,0,42.0,g
community coffee - dark roast, dark roast,community coffee ,4,0,0,0,16.0,fl
armour - luncheon meat pork, luncheon meat pork,armour ,340,0,30,16,4.0,oz 
kurtz - kosher dill spears pickles, kosher dill spears pickles,kurtz ,0,0,0,0,2.0,oz
butterball - everyday turkey bacon thin   crispy, everyday turkey bacon thin   crispy,butterball ,70,0,5,6,4.0,slices
kiggins - oats, oats,kiggins ,300,54,5,10,1.0,cup 40g 
trader joe s - organic coconut sugar, organic coconut sugar,trader joe s ,90,24,0,0,2.0,tbsp s 
lifesavers - wint-o-green mints individually wraped , wint-o-green mints individually wraped ,lifesavers ,30,8,0,0,2.0,pieces
bobs - soft peppermint, soft peppermint,bobs ,20,5,0,0,1.0,pieces
peppermint - hard candy, hard candy,peppermint ,20,5,0,0,1.0,pieces
planters - sunflower kernels - not in shell, sunflower kernels - not in shell,planters ,510,15,45,18,3.0,oz
community coffee - dark roast, dark roast,community coffee ,18,0,0,0,72.0,fl
save-a-lot brand - home churned country style spread ,a-lot brand - home churned country style spread ,save,140,0,14,0,2.0,tbsp
jack link s classics original beef sticks  1 02 oz  - beef stick, beef stick,jack link s classics original beef sticks  1 02 oz  ,560,8,40,28,116.0,g
raw - avacado  100 grams , avacado  100 grams ,raw ,257,14,24,3,160.5,grams
skinny body care - skinny fiber  2 capsules , skinny fiber  2 capsules ,skinny body care ,0,2,0,0,3.0,capsules
water - municipal, municipal,water ,0,0,0,0,21.0,fl
coburn farms - blended peach lowfat yogurt, blended peach lowfat yogurt,coburn farms ,180,34,2,7,6.0,oz 
coburn farms - light nonfat yogurt - cherry cheesecake, light nonfat yogurt - cherry cheesecake,coburn farms ,90,16,0,6,1.0,cup
optimum nutrition  on  - 100  whey gold standard vanilla ice cream  whey protein isolates  blend , 100  whey gold standard vanilla ice cream  whey protein isolates  blend ,optimum nutrition  on  ,240,6,2,48,58.8,g
wonderful - almonds - natural raw - 1 5 oz package, almonds - natural raw - 1 5 oz package,wonderful ,240,9,21,9,42.0,g
port side - whiting fillet, whiting fillet,port side ,98,0,1,20,3.9,oz
coburn farms - light nonfat yogurt - strawberry banana, light nonfat yogurt - strawberry banana,coburn farms ,90,15,0,6,6.0,oz 
tuna fish,,tuna fish,270,0,18,26,2.0,serving s 
grissom white bread - 2 slices, 2 slices,grissom white bread ,240,48,3,8,4.0,slices
hp cookie - gourmet italian cookie platter, gourmet italian cookie platter,hp cookie ,140,18,8,2,2.0,cookies
chiptastic - chocolate chip cookies, chocolate chip cookies,chiptastic ,390,54,18,0,6.0,cookies
j  higgs - thin sticks pretzels  corrected , thin sticks pretzels  corrected ,j  higgs ,120,24,1,3,30.0,grams
fruit - banana by gram, banana by gram,fruit ,157,40,1,2,176.0,grams
port side - whiting fillet, whiting fillet,port side ,160,0,2,32,6.4,oz
wonderful - almonds - roasted   salted  amendoas , almonds - roasted   salted  amendoas ,wonderful ,360,12,32,14,60.0,g
apple county red delicious new york - apple, apple,apple county red delicious new york ,80,22,0,0,1.0,medium
coburn farms  save-a-lot  - cherry vanilla lowfat yogurt,a-lot  - cherry vanilla lowfat yogurt,coburn farms  save,190,37,2,7,6.0,oz
grissom white bread - 2 slices, 2 slices,grissom white bread ,120,24,2,4,2.0,slices
blue bonnet - butter-sticks, butter-sticks,blue bonnet ,70,0,8,0,1.0,tbsp
"small orange - small orange 5 oz, 1 small"," small orange 5 oz, 1 small",small orange ,45,11,0,1,5.0,oz
gold standard - 100  whey gold natural vanilla, 100  whey gold natural vanilla,gold standard ,120,3,1,24,1.0,scoop
fruit - banana by gram, banana by gram,fruit ,75,19,0,1,84.0,grams
morning delight - complete buttermilk pancake   waffle mix, complete buttermilk pancake   waffle mix,morning delight ,140,28,1,4,0.3333333333333333,cup
banquet brown  n serve - original fully cooked sausage links, original fully cooked sausage links,banquet brown  n serve ,180,2,16,7,3.0,links
morning delight - buttery rich syrup, buttery rich syrup,morning delight ,110,28,0,0,0.1375,cup
butterball - everyday turkey bacon thin   crispy, everyday turkey bacon thin   crispy,butterball ,53,0,4,5,3.0,slices
hershey s - cocoa 100  cacao natural unsweetened, cocoa 100  cacao natural unsweetened,hershey s ,20,6,1,2,10.0,g
kroger - 2 percent milk, 2 percent milk,kroger ,62,6,3,4,0.52,cup
"spices - cinnamon, ground"," cinnamon, ground",spices ,4,1,0,0,0.25,tbsp
save-a-lot wylwood - cut leaf spinach,a-lot wylwood - cut leaf spinach,save,20,3,0,2,0.5,cup
so-cheezy  save-a-lot  - mac  cheese,cheezy  save-a-lot  - mac  cheese,so,320,45,11,10,4.0,oz
generic - chicken drumstick - baked 4oz, chicken drumstick - baked 4oz,generic ,98,0,5,14,2.6,oz
hershey s - pot of gold fine confections premium collection, pot of gold fine confections premium collection,hershey s ,100,13,6,1,2.0,pieces
mcdonalds - big mac meal medium with sprite, big mac meal medium with sprite,mcdonalds ,920,93,48,29,11.1,oz
optimum nutrition - gold standard 100  whey protein - vanilla ice cream, gold standard 100  whey protein - vanilla ice cream,optimum nutrition ,120,3,1,24,1.0,rounded
body fortress - whey protein chocolate peanut butter, whey protein chocolate peanut butter,body fortress ,150,7,3,30,1.0,scoop
ocean spray - 100   orange juice, 100   orange juice,ocean spray ,210,51,0,4,450.0,ml
save a lot - low fat milk 1 , low fat milk 1 ,save a lot ,220,26,5,18,2.0,cup
generic - banana - large 8 inches    , banana - large 8 inches    ,generic ,242,62,1,3,2.0,banana 4 8
herr s - bbq pork rinds , bbq pork rinds ,herr s ,200,0,13,20,1.0,1 4
body fortress - super advanced whey protein chocolate peanutbutter revised, super advanced whey protein chocolate peanutbutter revised,body fortress ,150,7,2,30,1.0,scoop
kroger - 2 percent milk, 2 percent milk,kroger ,120,12,5,8,1.0,cup
naturipe - blueberries, blueberries,naturipe ,70,16,0,1,1.0,cup
generic - herbalife f1 - french vanilla, herbalife f1 - french vanilla,generic ,45,7,1,5,1.0,scoops
herbalife - formula 1 pina colada mix only, formula 1 pina colada mix only,herbalife ,45,7,1,5,1.0,scoops
generic - soft mints, soft mints,generic ,60,0,0,0,3.0,pieces
wendy s - saltine crackers, saltine crackers,wendy s ,25,5,1,1,2.0,crackers
smuckers - peanut butter 3 4 oz single serve, peanut butter 3 4 oz single serve,smuckers ,240,10,22,8,2.0,container
smartfood - white cheddar cheese flavored popcorn 28 3g, white cheddar cheese flavored popcorn 28 3g,smartfood ,160,14,10,3,1.0,bag
"dole - banana, medium  126g "," banana, medium  126g ",dole ,110,27,0,1,1.0,medium
butterball - everyday turkey bacon thin   crispy, everyday turkey bacon thin   crispy,butterball ,175,0,13,15,10.0,slices
finest nutrition healthy nutrition - cold milled golden flax seed, cold milled golden flax seed,finest nutrition healthy nutrition ,70,5,5,3,2.0,tbsp
morning delight - sugar free pancake waffle syrup, sugar free pancake waffle syrup,morning delight ,25,8,0,0,0.25,cup
save-a-lot brand - home churned country style spread,a-lot brand - home churned country style spread,save,70,0,7,0,1.0,tbsp
visalus body by vi - vi-shape, vi-shape,visalus body by vi ,90,7,1,12,2.0,rounded
body fortress - super advanced whey protein chocolate peanutbutter revised, super advanced whey protein chocolate peanutbutter revised,body fortress ,300,14,4,60,2.0,scoop
optimum nutrition - gold standard 100  whey protein - vanilla ice cream, gold standard 100  whey protein - vanilla ice cream,optimum nutrition ,240,6,2,48,2.0,rounded
toreni - sugarfree hazelnut syrup, sugarfree hazelnut syrup,toreni ,0,0,0,0,8.0,oz 
kraft - polly-o low-moisture part-skim mozzarella cheese stick, polly-o low-moisture part-skim mozzarella cheese stick,kraft ,80,0,6,7,1.0,stick
sargento - colby jack string cheese, colby jack string cheese,sargento ,80,0,7,5,1.0,stick
detour - lean muscle protein bar  net carbs  cookie dough caramel crisp  32g protein , lean muscle protein bar  net carbs  cookie dough caramel crisp  32g protein ,detour ,370,6,12,32,1.0,bar
port side - whiting fillet, whiting fillet,port side ,101,0,1,20,4.05,oz
aldi seasons choice - all natural broccoli cuts, all natural broccoli cuts,aldi seasons choice ,50,8,0,4,6.0,oz
simply nature - virgin coconut oil, virgin coconut oil,simply nature ,120,0,14,0,1.0,tbsp
"aldi happy farms - butter - sweet cream, salted "," butter - sweet cream, salted ",aldi happy farms ,200,0,22,0,2.0,tablespoon
great lakes - string cheese, string cheese,great lakes ,320,0,24,28,4.0,piece
happy farms -  aldi  - spirals string cheese,  aldi  - spirals string cheese,happy farms ,140,2,10,10,48.0,grams
syntax nectar - strawberry kiwi, strawberry kiwi,syntax nectar ,100,0,0,24,1.0,scoop
syntrax - nectar whey protein isolate  carribean cooler , nectar whey protein isolate  carribean cooler ,syntrax ,100,0,0,23,1.0,scoop
kroger - frozen banana  in grams , frozen banana  in grams ,kroger ,107,29,0,1,122.0,grams
planters - pumpkin spice almonds, pumpkin spice almonds,planters ,320,18,24,10,2.0,oz
kroger - frozen banana  in grams , frozen banana  in grams ,kroger ,213,58,0,2,244.0,grams
syntrax nectar - pink grapefruit whey protein isolate, pink grapefruit whey protein isolate,syntrax nectar ,100,0,0,23,1.0,packet
generic - boiled sweet potatoe, boiled sweet potatoe,generic ,115,27,0,2,1.0,medium
kirkwood  aldi  - garlic and herb chicken breast  frozen , garlic and herb chicken breast  frozen ,kirkwood  aldi  ,113,0,2,24,4.5,oz
sodexo healthcare - biscuts, biscuts,sodexo healthcare ,100,15,5,4,1.0,biscut
sodexo healthcare - sausage patty, sausage patty,sodexo healthcare ,180,0,17,6,1.0,patty
e a s  100  whey protein - chocolate powder mix, chocolate powder mix,e a s  100  whey protein ,130,3,3,23,1.0,scoop
e a s  100  whey protein - chocolate powder mix, chocolate powder mix,e a s  100  whey protein ,260,6,5,46,2.0,scoop
nature s grove southern grove - all natural california rasins, all natural california rasins,nature s grove southern grove ,90,22,0,1,1.0,box
millville - chewy yogurt strawberry granola bar, chewy yogurt strawberry granola bar,millville ,180,17,9,10,1.0,bar
"dole - banana, medium  126g "," banana, medium  126g ",dole ,330,81,0,3,3.0,medium
loven fresh aldi - whole grain white, whole grain white,loven fresh aldi ,140,28,1,6,2.0,slice
countryside creamery - sweet cream butter salted, sweet cream butter salted,countryside creamery ,100,0,11,0,1.0,tbsp
aldi - breakfast best - original breakfast sausage links, breakfast best - original breakfast sausage links,aldi ,170,0,14,10,3.0,pan
syntrax nectar sweets whey protein isolate - double stuffed cookie, double stuffed cookie,syntrax nectar sweets whey protein isolate ,100,4,0,24,32.0,g
lifesavers - wint-o-green mints individually wraped , wint-o-green mints individually wraped ,lifesavers ,90,23,0,0,6.0,pieces
oikos - greek nonfat yougurt strawberry, greek nonfat yougurt strawberry,oikos ,120,19,0,12,5.3,oz
millville - chewy yogurt strawberry granola bar, chewy yogurt strawberry granola bar,millville ,360,34,18,20,2.0,bar
syntrax nectar - pink grapefruit whey protein isolate, pink grapefruit whey protein isolate,syntrax nectar ,25,0,0,6,0.25,packet
powerbar - protein plus - chocolate crisp, protein plus - chocolate crisp,powerbar ,210,27,5,20,1.0,bar
body fortress - super advanced whey protein shake - chocolate peanut butter - 8oz, super advanced whey protein shake - chocolate peanut butter - 8oz,body fortress ,150,7,3,30,42.0,grams
"fiber one  costco  - fiber one bar, oats and chocolate"," fiber one bar, oats and chocolate",fiber one  costco  ,140,29,4,2,1.0,bar
chobani - greek yogurt peach -    5 3oz, greek yogurt peach -    5 3oz,chobani ,240,38,0,24,10.6,oz
kellogg s special k - french vanilla protein shake, french vanilla protein shake,kellogg s special k ,180,29,5,10,1.0,bottle
naked juice - orange mango, orange mango,naked juice ,240,62,0,2,16.0,fl
atkins advantage - cafe carmel shake, cafe carmel shake,atkins advantage ,160,4,9,15,11.0,oz
atkins - chocolate chip granola bar - 3g net carbs, chocolate chip granola bar - 3g net carbs,atkins ,200,19,9,16,1.0,bar
kellogg s - special k protein drink-vanilla cappuccino, special k protein drink-vanilla cappuccino,kellogg s ,180,28,5,10,1.0,bottle
chiquita - 1 large banana, 1 large banana,chiquita ,110,30,0,1,1.0,large
"generic - banana, per gram"," banana, per gram",generic ,212,54,1,2,236.0,g
shakeology - strawberry - new, strawberry - new,shakeology ,130,15,1,16,1.0,packet
365 organic - orange strawberry banana, orange strawberry banana,365 organic ,144,36,0,1,9.6,fl
fruit - banana  large , banana  large ,fruit ,141,33,0,2,1.0,banana
sheetz - sausage crossiant  no egg american cheese , sausage crossiant  no egg american cheese ,sheetz ,421,26,35,13,1.0,sandwich
grapes - green seedless , green seedless ,grapes ,106,28,0,1,1.0,cup
rockland bakery - bagel- plain, bagel- plain,rockland bakery ,280,58,1,10,1.0,bagel
philadelphia cream cheese -  regular mini tub,  regular mini tub,philadelphia cream cheese ,90,2,8,2,1.0,tub
kelloggs special k - chocolate mocha protein  shake , chocolate mocha protein  shake ,kelloggs special k ,190,30,5,10,1.0,bottle
slimfast 3-2-1 high protein shake - creamy chocolate,2-1 high protein shake - creamy chocolate,slimfast 3,180,4,9,20,1.0,bottle
sodexo campus - grapes to go, grapes to go,sodexo campus ,120,31,0,1,1.0,container
syntrax-nectar protein shake - apple ecstasy,nectar protein shake - apple ecstasy,syntrax,90,0,0,23,1.0,scoop
biorhythm afterglow - post workout euphoria watermelon, post workout euphoria watermelon,biorhythm afterglow ,104,16,0,10,1.0,scoops
banquet brown n serve - original sausage links, original sausage links,banquet brown n serve ,133,1,13,5,2.0,links
hatfield - classic scrapple - lean, classic scrapple - lean,hatfield ,90,5,5,5,2.0,oz
aunt maple s - buttermilk light   fluffy complete pancake   waffle mix, buttermilk light   fluffy complete pancake   waffle mix,aunt maple s ,175,35,1,5,0.41625,cup
sysco - pork sausage patties, pork sausage patties,sysco ,375,2,36,11,3.0,patties
herr s - original pork rinds, original pork rinds,herr s ,200,0,13,23,1.25,oz
coburn farms - sour cream  2 tbsp , sour cream  2 tbsp ,coburn farms ,60,2,5,1,2.0,tbsp
kellogg s - special k protein drink - chocolate mocha, special k protein drink - chocolate mocha,kellogg s ,190,30,5,10,1.0,bottle
quest nutrition - protein bar - strawberry cheesecake, protein bar - strawberry cheesecake,quest nutrition ,160,26,5,20,1.0,bar
slim fast high protein - creamy chocolate shake, creamy chocolate shake,slim fast high protein ,180,4,9,20,1.0,bottle
dunkin donuts - plain bagel with regular cream cheese, plain bagel with regular cream cheese,dunkin donuts ,460,67,16,14,1.0,bagel
isagenix - isalean pro shake - vanilla, isalean pro shake - vanilla,isagenix ,280,21,6,36,1.0,packet
chicken breast - 1 oz, 1 oz,chicken breast ,186,0,3,36,6.0,ounce
steam - cabbage lr, cabbage lr,steam ,22,5,0,1,1.0,cup
"nutritiondata - strawberries, raw  1 oz "," strawberries, raw  1 oz ",nutritiondata ,39,10,0,1,4.35,oz
quest nutrition - protein bar cinnamon roll, protein bar cinnamon roll,quest nutrition ,170,25,6,20,1.0,bar
southern grove  aldi s -corrected - all natural whole almonds,corrected - all natural whole almonds,southern grove  aldi s ,170,6,15,6,30.0,g
banquet brown  n serve - original fully cooked sausage links, original fully cooked sausage links,banquet brown  n serve ,360,4,32,14,6.0,links
lean pocket - chicken parmesan, chicken parmesan,lean pocket ,270,40,6,12,1.0,piece
appleton farms - premium sliced bacon  correct , premium sliced bacon  correct ,appleton farms ,240,0,18,18,6.0,slice
centrum - specialist- energy, specialist- energy,centrum ,0,0,0,0,1.0,pill
appleton farms - premium sliced bacon  correct , premium sliced bacon  correct ,appleton farms ,320,0,24,24,8.0,slice
aldi happy farms - cream cheese, cream cheese,aldi happy farms ,180,4,18,4,4.0,tbls
lifesavers - wint-o-green mints individually wraped , wint-o-green mints individually wraped ,lifesavers ,45,11,0,0,3.0,pieces
sodexo healthcare - fresh fruit 2 go, fresh fruit 2 go,sodexo healthcare ,70,18,0,1,1.0,serving
great lakes - string cheese, string cheese,great lakes ,160,0,12,14,2.0,piece
clipper - pure green tea, pure green tea,clipper ,2,0,0,0,300.0,ml
sainsbury s - runny honey, runny honey,sainsbury s ,26,6,0,0,1.0,teaspoons
sainsbury s basics - low fat natural yogurt, low fat natural yogurt,sainsbury s basics ,37,4,1,3,60.0,g
generic - tea with 50ml skimmed milk, tea with 50ml skimmed milk,generic ,18,3,0,2,50.0,ml
banana large - banana large, banana large,banana large ,53,14,0,1,60.0,g
sainsbury s - peanut butter - smooth, peanut butter - smooth,sainsbury s ,61,1,5,4,10.0,g
sainsbury s basics - pears, pears,sainsbury s basics ,40,10,0,0,100.0,g
sainsburys semi skimmed milk - milk, milk,sainsburys semi skimmed milk ,24,2,1,2,50.0,ml
tesco - lemon juice, lemon juice,tesco ,4,0,0,0,15.0,ml
tesco - sparkling diet lemonade, sparkling diet lemonade,tesco ,3,0,0,0,250.0,ml
clipper - pure green tea, pure green tea,clipper ,1,0,0,0,200.0,ml
sainsburys - whole rolled porridge oats, whole rolled porridge oats,sainsburys ,107,18,2,3,30.0,g
sainsburys - frozen blueberries, frozen blueberries,sainsburys ,21,4,0,0,60.0,g
sainsburys - frozen raspberries, frozen raspberries,sainsburys ,20,3,0,1,60.0,g
clipper - pure green tea, pure green tea,clipper ,1,0,0,0,100.0,ml
tea - morning cuppa with 50 ml semi milk, morning cuppa with 50 ml semi milk,tea ,25,2,1,2,1.0,average
precision  engineered - whey protein - vanilla, whey protein - vanilla,precision  engineered ,93,2,1,18,1.0,scoop
the happy egg company - large free range eggs, large free range eggs,the happy egg company ,166,0,12,14,2.0,egg
sainsbury s basics - low fat natural yogurt, low fat natural yogurt,sainsbury s basics ,61,7,2,5,100.0,g
taylors of harrogate - coffee  hot lava java , coffee  hot lava java ,taylors of harrogate ,4,0,0,0,2.0,mug
banana large - banana large, banana large,banana large ,69,18,0,1,78.0,g
banana large - banana large, banana large,banana large ,89,23,0,1,100.0,g
sainsbury s - peanut butter - smooth, peanut butter - smooth,sainsbury s ,182,2,15,12,30.0,g
sainsbury s basics - low fat natural yogurt, low fat natural yogurt,sainsbury s basics ,55,6,1,4,90.0,g
sainsbury s - black seedless grapes 500g, black seedless grapes 500g,sainsbury s ,72,18,0,0,120.0,g
bottle green - elderflower cordial  undiluted , elderflower cordial  undiluted ,bottle green ,29,2,0,0,25.0,ml
sainsburys taste the difference - wholemeal bloomer bread, wholemeal bloomer bread,sainsburys taste the difference ,206,34,3,11,2.0,slice
flora - flora light  new , flora light  new ,flora ,45,0,5,0,15.0,g
tesco - seedless raspberry jam, seedless raspberry jam,tesco ,64,15,0,0,25.0,g
sainsburys basics - fromage frai, fromage frai,sainsburys basics ,44,0,1,0,50.0,g
sainsbury s - black seedless grapes 500g, black seedless grapes 500g,sainsbury s ,54,14,0,0,90.0,g
taylors of harrogate - coffee  hot lava java , coffee  hot lava java ,taylors of harrogate ,2,0,0,0,1.0,mug
sainsbury s - black seedless grapes 500g, black seedless grapes 500g,sainsbury s ,36,9,0,0,60.0,g
tesco - reduced fat cream crackers, reduced fat cream crackers,tesco ,99,18,2,2,3.0,cracker
sainsbury s basics - orange juice from concentrate, orange juice from concentrate,sainsbury s basics ,85,18,0,1,200.0,ml
tesco - large free range eggs, large free range eggs,tesco ,206,0,15,17,2.0,egg
the happy egg company - large free range eggs, large free range eggs,the happy egg company ,83,0,6,7,1.0,egg
tesco - medium avocado, medium avocado,tesco ,120,8,8,2,0.5,avocado
sainsbury s - highland oatcakes, highland oatcakes,sainsbury s ,56,7,2,1,1.0,oatcake
tesco - ground cinnamon, ground cinnamon,tesco ,6,0,0,0,1.0,tsp
sainsbury s - whole milk, whole milk,sainsbury s ,19,1,1,1,30.0,ml
turkey - roasted - leg without skin  dark meat , roasted - leg without skin  dark meat ,turkey ,37,0,1,7,1.1,oz
sainsbury s - highland oatcakes, highland oatcakes,sainsbury s ,112,14,4,3,2.0,oatcake
sainsburys - greek style natural yogurt, greek style natural yogurt,sainsburys ,120,5,9,4,100.0,g
sainsbury s - toasted pumpkin and sunflower seeds, toasted pumpkin and sunflower seeds,sainsbury s ,91,2,7,4,15.0,g
sainsbury s - runny set honey, runny set honey,sainsbury s ,49,12,0,0,2.0,teaspoons
tetley - tea with 25ml tesco whole milk, tea with 25ml tesco whole milk,tetley ,18,1,1,1,1.0,cup
tesco - ground cinnamon, ground cinnamon,tesco ,12,0,0,0,2.0,tsp
turkey - roasted - leg without skin  dark meat , roasted - leg without skin  dark meat ,turkey ,51,0,1,9,1.5,oz
"tomato - raw, with skin - tomato"," raw, with skin - tomato",tomato ,13,3,0,0,60.0,g
sainsbury s - courgettes, courgettes,sainsbury s ,12,1,0,1,60.0,g
sainsbury s - roast chicken breast fillet, roast chicken breast fillet,sainsbury s ,100,0,4,17,60.0,g
sainsbury s - runny set honey, runny set honey,sainsbury s ,74,18,0,0,3.0,teaspoons
sainsbury s - greek style natural yogurt, greek style natural yogurt,sainsbury s ,120,5,9,4,100.0,g
highland spring - still water, still water,highland spring ,0,0,0,0,250.0,ml
sainsbury s - greek style natural yogurt, greek style natural yogurt,sainsbury s ,72,3,6,2,60.0,g
sainsbury s - runny set honey, runny set honey,sainsbury s ,25,6,0,0,1.0,teaspoons
sainsburys - single apples basics, single apples basics,sainsburys ,47,12,0,0,100.0,g
tetley - tea with 25ml tesco whole milk, tea with 25ml tesco whole milk,tetley ,27,2,2,1,1.5,cup
tesco - british whole milk, british whole milk,tesco ,39,3,2,2,60.0,ml
banana large - banana large, banana large,banana large ,80,21,0,1,90.0,g
sainsbury s - 2  low fat natural yogurt, 2  low fat natural yogurt,sainsbury s ,66,8,1,6,100.0,g
sainsburys - skimmed milk, skimmed milk,sainsburys ,18,3,0,2,50.0,ml
sainsburys - skimmed milk, skimmed milk,sainsburys ,21,3,0,2,60.0,ml
chiquita - small banana, small banana,chiquita ,90,23,0,1,1.0, 6
cuties - clementines, clementines,cuties ,35,9,0,1,1.0,clementine
generic - broccoli- steamed, broccoli- steamed,generic ,27,6,0,2,78.0,grams
generic - butternut squash - roasted, butternut squash - roasted,generic ,44,6,2,0,100.0,grams
homemade - kale and olive oil saute, kale and olive oil saute,homemade ,94,4,7,1,1.0,cup
"fresh, raw - blueberries", blueberries,"fresh, raw ",43,11,0,1,0.5,cup
strawberries - raw, raw,strawberries ,4,1,0,0,2.0,small
homemade - red potato homefries, red potato homefries,homemade ,100,15,4,2,0.5,cup
all recipes com - apple cole slaw, apple cole slaw,all recipes com ,137,25,5,1,0.16666666666666666,of
"lobster - northern, raw"," northern, raw",lobster ,135,1,1,28,1.0,lobster
generic - filet mignon, filet mignon,generic ,430,0,30,44,6.0,oz
birds eye - steam fresh asparagus spears, steam fresh asparagus spears,birds eye ,20,3,0,2,6.0,spears
sweet potato - medium baked sweet potato, medium baked sweet potato,sweet potato ,181,41,0,4,5.0,""""
longhorn steakhouse - steamed broccoli, steamed broccoli,longhorn steakhouse ,90,7,4,4,5.0,oz
lettuce - lettuce salad, lettuce salad,lettuce ,15,0,0,1,1.0,plate
outback steakhouse - blooming onion, blooming onion,outback steakhouse ,324,20,26,3,0.16666666666666666,of
homemeade - guacamole, guacamole,homemeade ,46,2,2,1,2.0,tablespoon
birdseye steam fresh - sweet peas, sweet peas,birdseye steam fresh ,18,3,0,1,0.75,oz 
tomatoes - sliced, sliced,tomatoes ,11,0,0,1,0.5,medium
"lettuce - green leaf, raw"," green leaf, raw",lettuce ,1,0,0,0,0.25,cup
oats - 100g, 100g,oats ,350,57,6,12,90.0,g
oats - 100g, 100g,oats ,545,88,10,18,140.0,g
"apples - raw, with skin"," raw, with skin",apples ,72,19,0,0,1.0,medium
cellucor - whey protein, whey protein,cellucor ,130,3,2,25,34.0,g
fruit - raw orange, raw orange,fruit ,62,15,0,1,131.0,g
guava - small, small,guava ,61,13,1,1,1.0,small
oats - 100g, 100g,oats ,156,25,3,5,40.0,g
oats - 100g, 100g,oats ,311,50,6,10,80.0,g
bananas - raw, raw,bananas ,105,27,0,1,1.0,medium
oats - 100g, 100g,oats ,233,38,4,8,60.0,g
milk - nonfat  fat free or skim , nonfat  fat free or skim ,milk ,21,3,0,2,4.0,tbsp s 
milk - nonfat  fat free or skim , nonfat  fat free or skim ,milk ,43,6,0,4,0.5,cup
nescafe  - classic, classic,nescafe  ,10,2,0,2,4.0,g
lemon - lemon, lemon,lemon ,11,4,1,0,36.0,g
nescafe  - classic, classic,nescafe  ,5,1,0,1,2.0,g
"apples - raw, with skin"," raw, with skin",apples ,110,29,0,1,1.0,large
temmy s nutrifit - white oats, white oats,temmy s nutrifit ,325,54,6,14,81.0,g
milk - nonfat  fat free or skim , nonfat  fat free or skim ,milk ,17,2,0,2,0.2,cup
temmy s - nutrifit granola bar with hazelnut cream, nutrifit granola bar with hazelnut cream,temmy s ,140,19,4,7,1.0,bar
eggs - egg - hard boiled, egg - hard boiled,eggs ,180,1,11,13,100.0,grams
mongini s - diet toast, diet toast,mongini s ,63,12,1,3,1.0,slice
nestle fitness - cereal made with whole grain, cereal made with whole grain,nestle fitness ,302,59,1,14,60.0,g
milk - nonfat  fat free or skim , nonfat  fat free or skim ,milk ,34,5,0,3,0.4,cup
nestle fitness - cereal made with whole grain, cereal made with whole grain,nestle fitness ,227,45,1,11,45.0,g
temmy s nutrifit - strawberry   yogurt flakes bar, strawberry   yogurt flakes bar,temmy s nutrifit ,150,21,5,6,1.0,package
p atki owsiane - platki, platki,p atki owsiane ,250,50,0,10,70.0,g
milk - nonfat  fat free or skim , nonfat  fat free or skim ,milk ,26,4,0,3,0.3,cup
"bread roll - white, soft"," white, soft",bread roll ,128,24,1,5,1.0,roll
homemade - kabab grilled, kabab grilled,homemade ,300,0,15,40,200.0,gr
egyptian - kofta, kofta,egyptian ,113,1,10,4,50.0,g
fruit - raw orange, raw orange,fruit ,94,24,0,2,200.0,g
mandrin orange - fruit, fruit,mandrin orange ,45,12,0,1,1.0,medium
fruit - raw orange, raw orange,fruit ,47,12,0,1,100.0,g
mandrin orange - fruit, fruit,mandrin orange ,90,24,0,2,2.0,medium
mongini s - diet toast, diet toast,mongini s ,126,24,1,5,2.0,slice
burger king - bk big fish sandwich, bk big fish sandwich,burger king ,530,54,27,17,1.0,sandwich
burger king  website  - medium fries, medium fries,burger king  website  ,410,58,18,4,153.0,g
trader joes - flax instant oatmeal, flax instant oatmeal,trader joes ,150,29,2,4,40.0,g
trader joes - organic oatmeal oats and flax, organic oatmeal oats and flax,trader joes ,150,29,2,4,40.0,g
dunkin donuts - coffee-  black, coffee-  black,dunkin donuts ,5,1,0,0,14.0,fl 
coffeemate - creamer- spiced rum cake, creamer- spiced rum cake,coffeemate ,140,20,6,0,4.0,tablespoon
coffeemate - creamer- spiced rum cake, creamer- spiced rum cake,coffeemate ,70,10,3,0,2.0,tablespoon
"generic - large eggs, scrambled"," large eggs, scrambled",generic ,74,1,5,6,1.0,egg
stop   shop - egg white-large, egg white-large,stop   shop ,34,0,0,8,2.0,egg
birdseye - oven roast rosemary and garlic potatoes, oven roast rosemary and garlic potatoes,birdseye ,142,22,5,3,100.0,g
borden - colby   monterey jack shredded cheese, colby   monterey jack shredded cheese,borden ,55,1,5,3,0.125,cup
arnold - select - sandwich thins - honey wheat, select - sandwich thins - honey wheat,arnold ,100,22,1,4,1.0,roll
chobani greek yogurt - pumpkin, pumpkin,chobani greek yogurt ,130,14,3,12,1.0,container
dunkin doughnuts - hash browns, hash browns,dunkin doughnuts ,130,15,7,1,6.0,pieces
dunkin donuts - turkey sausage egg white flat bread, turkey sausage egg white flat bread,dunkin donuts ,280,32,8,18,1.0,sandwich
dunkin donuts - toasted almond coffee, toasted almond coffee,dunkin donuts ,20,2,0,0,2.0,cup
chobani - greek yogurt - pomegranate non-fat, greek yogurt - pomegranate non-fat,chobani ,140,21,0,14,6.0,oz
sonic - tater tots - med, tater tots - med,sonic ,220,27,12,2,90.0,g
sonic - chicken strips  3 piece , chicken strips  3 piece ,sonic ,330,25,16,22,3.0,piece
sonic - honey mustard sauce, honey mustard sauce,sonic ,90,7,7,0,1.0,package
dunkin donuts - reduced fat blueberry muffin  corrected , reduced fat blueberry muffin  corrected ,dunkin donuts ,410,75,10,7,1.0,mufffin
dunkin doughnuts medium hazelnut with skim milk - coffee, coffee,dunkin doughnuts medium hazelnut with skim milk ,30,6,0,2,1.0,serving
"macaroni - elbow, cooked"," elbow, cooked",macaroni ,221,42,1,8,1.0,cup
borden - extra sharp shredded cheese, extra sharp shredded cheese,borden ,110,1,9,7,0.25,cup
olivio - spread, spread,olivio ,27,0,3,0,1.0,tsp
dunkin doughnuts - medium coffee with cream, medium coffee with cream,dunkin doughnuts ,168,4,16,2,28.0,oz
dunkin doughnuts - medium coffee with cream, medium coffee with cream,dunkin doughnuts ,84,2,8,1,14.0,oz
egg whites - fried egg whites, fried egg whites,egg whites ,51,1,0,11,3.0,large
jones - uncured turkey bacon - all natural, uncured turkey bacon - all natural,jones ,60,2,3,6,2.0,slice
farmland dairies - whole milk, whole milk,farmland dairies ,38,3,2,2,0.25,cup
chobani - greek yogurt green tea, greek yogurt green tea,chobani ,140,16,3,12,1.0,container
eggs - large hard boiled egg, large hard boiled egg,eggs ,140,1,10,12,2.0,whole
oscar meyer selects - turkey bacon, turkey bacon,oscar meyer selects ,60,0,5,4,2.0,slice
farmland dairies - whole milk, whole milk,farmland dairies ,75,6,4,4,0.5,cup
bordens - sharp chedder cheese, sharp chedder cheese,bordens ,55,1,5,4,0.125,cup
chobani - blackberry greek yogurt  fruit on the bottom , blackberry greek yogurt  fruit on the bottom ,chobani ,120,19,0,12,5.3,oz
chobani - greek yogurt - pumpkin, greek yogurt - pumpkin,chobani ,130,14,3,12,1.0,container
eggs - hard boiled, hard boiled,eggs ,120,1,10,14,2.0,large
trader joe s - organic crunchy unsalted peanut butter, organic crunchy unsalted peanut butter,trader joe s ,95,4,8,4,1.0,tbsp
fruit - banana - 0pp, banana - 0pp,fruit ,105,27,0,1,1.0,banana
farmland dairies half and half creamer - coffee creamer, coffee creamer,farmland dairies half and half creamer ,120,6,9,3,6.0,tbsp
folgers coffee - - black, - black,folgers coffee ,4,0,0,0,2.0,cup
coffee mate - original dry creamer, original dry creamer,coffee mate ,40,4,2,0,4.0,tsp
chobani - greek yogurt - pomegranate on the bottom - non-fat, greek yogurt - pomegranate on the bottom - non-fat,chobani ,120,19,0,12,1.0,container
egg whites - fried egg whites, fried egg whites,egg whites ,34,0,0,7,2.0,large
sargentos - ultra thin swiss cheese, ultra thin swiss cheese,sargentos ,40,0,3,3,1.0,slices
chobani - concord grape, concord grape,chobani ,140,17,3,12,150.0,grams
farmland dairies half and half creamer - coffee creamer, coffee creamer,farmland dairies half and half creamer ,80,4,6,2,4.0,tbsp
egg whites - fried egg whites, fried egg whites,egg whites ,68,1,0,14,4.0,large
generic - grilled portabella mushroom, grilled portabella mushroom,generic ,42,6,1,5,1.0,cup
vegetable - plum tomato, plum tomato,vegetable ,22,5,0,1,2.0,tomato
generic - grilled green peppers, grilled green peppers,generic ,24,6,0,1,1.0,medium
homemade - fresh basil pesto, fresh basil pesto,homemade ,115,15,15,6,2.0,tablespoon
generic - whole wheat toast, whole wheat toast,generic ,180,20,2,8,2.0,slice
ihop - butter, butter,ihop ,80,0,9,0,1.0,ball
tostitos - tostitos scoops, tostitos scoops,tostitos ,140,19,7,2,1.0,oz
coffeemate - sugar free italian sweet cream coffee creamer, sugar free italian sweet cream coffee creamer,coffeemate ,45,3,3,0,3.0,tbsp
thomas - double protein oatmeal, double protein oatmeal,thomas ,150,26,1,7,1.0,muffin
eggs - hard boiled, hard boiled,eggs ,78,0,5,6,1.0,large
empire - apple, apple,empire ,109,29,0,0,1.0,large
sargentos - ultra thin swiss cheese, ultra thin swiss cheese,sargentos ,80,1,6,6,2.0,slices
farmland dairies half and half creamer - coffee creamer, coffee creamer,farmland dairies half and half creamer ,60,3,5,2,3.0,tbsp
quaker - banana nut protein oatmeal, banana nut protein oatmeal,quaker ,240,40,5,10,1.0,packet
bigelow - vanilla chai, vanilla chai,bigelow ,0,0,0,0,1.0,tea
chobani greek yogurt - strawberry, strawberry,chobani greek yogurt ,120,19,0,12,1.0,container
quaker - banana nut protein oatmeal, banana nut protein oatmeal,quaker ,480,80,10,20,2.0,packet
wegmans - empire apples, empire apples,wegmans ,80,21,0,0,1.0,medium
egg whites - fried egg whites, fried egg whites,egg whites ,17,0,0,4,1.0,large
coffee - brewed from grounds, brewed from grounds,coffee ,2,0,0,0,1.0,cup
dunkin doughnuts - hash browns, hash browns,dunkin doughnuts ,43,5,2,0,2.0,pieces
chobani - green tea blended greek yogurt, green tea blended greek yogurt,chobani ,140,16,3,12,1.0,container
chobani - greek yogurt - 0  strawberry, greek yogurt - 0  strawberry,chobani ,120,19,0,12,5.3,oz
farmland dairies half and half creamer - coffee creamer, coffee creamer,farmland dairies half and half creamer ,40,2,3,1,2.0,tbsp
coffeemate - sugar free italian sweet cream coffee creamer, sugar free italian sweet cream coffee creamer,coffeemate ,15,1,1,0,1.0,tbsp
chobani - chobani - simply 100 vanilla blended, chobani - simply 100 vanilla blended,chobani ,100,14,0,12,1.0,container
chobani - 100 cal black cherry, 100 cal black cherry,chobani ,100,15,0,12,150.0,g
coffeemate - sugar free italian sweet cream coffee creamer, sugar free italian sweet cream coffee creamer,coffeemate ,30,2,2,0,2.0,tbsp
coffee - brewed from grounds, brewed from grounds,coffee ,4,0,0,0,1.5,cup
jif peanut butter - natural creamy, natural creamy,jif peanut butter ,95,4,8,4,16.5,grams
bigelow - vanilla chai, vanilla chai,bigelow ,0,0,0,0,2.0,tea
farmland dairies - whole milk, whole milk,farmland dairies ,45,4,2,2,0.3,cup
panera - sesame seed bagel, sesame seed bagel,panera ,155,30,2,5,0.5,bagel
jif peanut butter - natural creamy, natural creamy,jif peanut butter ,48,2,4,2,0.5,tbsp
fruit - grapes red - seedless, grapes red - seedless,fruit ,75,23,0,0,25.0,grape
dunkin doughnuts - egg white turkey sausage flatbread, egg white turkey sausage flatbread,dunkin doughnuts ,280,32,8,18,1.0,sandwich
dunkin donuts - toasted almond coffee, toasted almond coffee,dunkin donuts ,10,1,0,0,1.0,cup
drinks - almond milk  vanilla , almond milk  vanilla ,drinks ,60,11,2,1,4.0,oz
dunking donuts ics - egg   cheese wake-up wrap, egg   cheese wake-up wrap,dunking donuts ics ,150,13,8,7,1.0,wrap
sahale snacks - berry macaroon almond mix, berry macaroon almond mix,sahale snacks ,105,10,8,3,0.5,bag
quick check - egg white avocado tomato english muffin, egg white avocado tomato english muffin,quick check ,205,30,1,10,1.0,pc
quick check - coffee creamer, coffee creamer,quick check ,70,12,2,0,4.0,tbs
quick check - coffee - chocolate macadamia nut, coffee - chocolate macadamia nut,quick check ,10,0,0,0,12.0,oz
fiber one - original bran cereal, original bran cereal,fiber one ,120,50,2,4,1.0,cup
noosa - pineapple, pineapple,noosa ,270,29,11,14,8.0,oz 
coffee - brewed from grounds, brewed from grounds,coffee ,5,0,0,1,2.0,cup
creamer - half   half, half   half,creamer ,80,2,7,2,4.0,tbsp 
silk - original cashew milk, original cashew milk,silk ,60,9,3,0,1.0,cup
wegmans - white mushrooms sliced, white mushrooms sliced,wegmans ,20,3,0,3,3.0,oz
wegman s -  organic grape tomatoes,  organic grape tomatoes,wegman s ,40,8,0,0,8.0,oz
wegmans - swiss cheese, swiss cheese,wegmans ,100,1,8,8,1.0,ounce
thomas  - limited edition banana bread english muffins, limited edition banana bread english muffins,thomas  ,150,29,1,5,61.0,g
chobani - greek yogurt - raspberry, greek yogurt - raspberry,chobani ,130,19,0,12,5.3,oz
thomas  - limited edition banana bread english muffins, limited edition banana bread english muffins,thomas  ,75,15,1,3,30.5,g
pink lady - small apple, small apple,pink lady ,55,15,0,0,1.0,apple
so delicious - original coconut milk creamer, original coconut milk creamer,so delicious ,40,4,1,0,4.0,tbsp
"food for life baking co  - bread, ezekiel low sodium"," bread, ezekiel low sodium",food for life baking co  ,80,15,1,4,1.0,slice
cabot - hot habanero block cheddar cheese, hot habanero block cheddar cheese,cabot ,110,1,9,7,1.0,oz 
naturipe - strawberries, strawberries,naturipe ,22,5,0,1,5.0,medium
ihop - coffee, coffee,ihop ,5,1,0,0,1.0,cup
"food for life baking co  - bread, ezekiel low sodium"," bread, ezekiel low sodium",food for life baking co  ,160,30,1,8,2.0,slice
homemade egg whites - 3 egg whites, 3 egg whites,homemade egg whites ,51,1,0,11,3.0,egg
cutie - clementine  tangerine  mandarin orange, clementine  tangerine  mandarin orange,cutie ,37,9,0,1,1.0,fruit
jif peanut butter - natural creamy, natural creamy,jif peanut butter ,95,4,8,4,1.0,tbsp
creamer - half   half, half   half,creamer ,40,1,4,1,2.0,tbsp 
chobani - black cherry, black cherry,chobani ,130,20,0,12,150.0,g
wegman s - raisin brand, raisin brand,wegman s ,238,58,1,5,1.25,cup
doughnut shop k-cup - coffee,cup - coffee,doughnut shop k,3,0,0,0,1.5,cup
wegman s - raisin brand, raisin brand,wegman s ,190,46,1,4,1.0,cup
trader joe s - mini pearl grape tomatoes, mini pearl grape tomatoes,trader joe s ,8,2,0,0,7.0,tomatoes
wegmans - white mushrooms sliced, white mushrooms sliced,wegmans ,7,1,0,1,1.0,oz
so delicious - original coconut milk creamer, original coconut milk creamer,so delicious ,20,2,1,0,2.0,tbsp
homemade egg whites - 3 egg whites, 3 egg whites,homemade egg whites ,17,0,0,4,1.0,egg
scrambled eggs - natural egg whites, natural egg whites,scrambled eggs ,70,1,5,6,46.0,g
trader joe s - sliced white mushroom, sliced white mushroom,trader joe s ,40,6,0,2,170.0,grams
dole banana - bananas, bananas,dole banana ,105,29,0,1,7.0,inch
generic - cortland apple - medium, cortland apple - medium,generic ,80,22,0,0,1.0,medium
healthy life - light multi-grain english muffin, light multi-grain english muffin,healthy life ,80,17,1,5,1.0,muffin
dave - blueberries - , blueberries - ,dave ,42,11,0,1,0.5,cup
thomas  - english muffin-hearty-light-multigrain-thomas   corrected, english muffin-hearty-light-multigrain-thomas   corrected,thomas  ,100,26,1,5,1.0,muffin
naturipe - strawberries, strawberries,naturipe ,18,4,0,1,4.0,medium
naturipe - strawberries, strawberries,naturipe ,9,2,0,0,2.0,medium
homemade egg whites - 3 egg whites, 3 egg whites,homemade egg whites ,68,1,0,14,4.0,egg
chobani simply 100 greek yogurt - vanilla blended, vanilla blended,chobani simply 100 greek yogurt ,150,22,0,19,8.0,oz
starbucks - hot chocolate - short, hot chocolate - short,starbucks ,105,14,5,4,4.0,oz 
land o lakes - half   half, half   half,land o lakes ,120,3,9,3,6.0,tablespoons
coffee - brewed from grounds, brewed from grounds,coffee ,6,0,0,1,2.5,cup
farmland dairies half and half creamer - coffee creamer, coffee creamer,farmland dairies half and half creamer ,160,8,12,4,8.0,tbsp
honey maid - honey graham crackers, honey graham crackers,honey maid ,195,38,5,3,3.0,full
wegmans - raisin bran cereal, raisin bran cereal,wegmans ,190,46,1,4,1.0,cup
starbucks - fruit nut and cheese bistro box, fruit nut and cheese bistro box,starbucks ,480,39,28,18,1.0,box
starbucks - blonde roast coffee, blonde roast coffee,starbucks ,5,0,0,1,1.0,-
silk - unsweetened organic soy milk, unsweetened organic soy milk,silk ,80,3,4,7,1.0,cup
ihop - coffee, coffee,ihop ,15,3,0,0,3.0,cup
dairystar - non dairy creamer, non dairy creamer,dairystar ,105,7,7,0,7.0,tbsp
"fresh - pear, bosc"," pear, bosc",fresh ,200,50,0,2,2.0,fruit
original pancake house eggs benedict without potatoes - eggs benedict- 2 poached eggs eng muffin hollandaise sauce   2 ham, eggs benedict- 2 poached eggs eng muffin hollandaise sauce   2 ham,original pancake house eggs benedict without potatoes ,413,28,16,39,1.0,serving
original pancake house - potato pancakes, potato pancakes,original pancake house ,590,98,16,5,4.0,cakes
circle k - red velvet muffin, red velvet muffin,circle k ,510,65,26,5,0.75,muffin
circle k - black coffee 20 oz , black coffee 20 oz ,circle k ,0,0,0,0,20.0,oz 
"fresh - pear, bosc"," pear, bosc",fresh ,100,25,0,1,1.0,fruit
bel gioioso - fresh mozzarella pearls    , fresh mozzarella pearls    ,bel gioioso ,105,0,8,8,1.5,oz
chobani simply 100 greek yogurt - vanilla blended, vanilla blended,chobani simply 100 greek yogurt ,188,28,0,24,10.0,oz
circle k - black coffee 20 oz , black coffee 20 oz ,circle k ,0,0,0,0,12.0,oz 
dunking donuts - egg white veggie flat bread, egg white veggie flat bread,dunking donuts ,280,32,10,16,1.0,sandwich
minneola - mandarin, mandarin,minneola ,80,15,0,1,5.1,ounce-
costco - bel gioioso - sliced mild provolone, bel gioioso - sliced mild provolone,costco ,200,0,16,14,2.0,oz 
la banderitas - flour tortilas small, flour tortilas small,la banderitas ,162,30,1,6,2.0,tortilla
tostitos   mild - chunky salsa    , chunky salsa    ,tostitos   mild ,5,1,0,0,1.0,tbsp
"sea best - imitation crab meat, leg style"," imitation crab meat, leg style",sea best ,60,8,2,3,1.75,oz
land o lakes - butter, butter,land o lakes ,100,0,11,0,1.0,tbsp
sodexo campus - home fried potato, home fried potato,sodexo campus ,150,22,7,2,4.0,oz
coffee creamer - creamer, creamer,coffee creamer ,105,18,5,0,3.0,tbls
dunkin  doughnuts - regular blueberry muffin, regular blueberry muffin,dunkin  doughnuts ,500,83,16,7,1.0,muffin
costco - bel gioioso - sliced mild provolone, bel gioioso - sliced mild provolone,costco ,100,0,8,7,1.0,oz 
land o lakes - butter, butter,land o lakes ,50,0,6,0,0.5,tbsp
pillsbury - mini cinnis rolls, mini cinnis rolls,pillsbury ,240,40,8,5,1.0,package
7-11 - 24oz hot coffee,11 - 24oz hot coffee,7,0,0,0,0,24.0,oz
7-eleven - hot cocoa,eleven - hot cocoa,7,36,0,0,0,1.5,fl
northeast - baby spinach , baby spinach ,northeast ,20,3,0,3,2.0,3 4
cedar s - whole wheat wraps, whole wheat wraps,cedar s ,80,11,4,8,1.0,wrap
swedish fish - 7 pieces, 7 pieces,swedish fish ,150,38,0,0,7.0,pieces
original pancake house - vegetarian egg white omelette, vegetarian egg white omelette,original pancake house ,380,24,15,31,1.0,omelette
original pancake house - coconut pancakes - short stack, coconut pancakes - short stack,original pancake house ,257,36,11,4,2.0,pancakes
whole foods - farmers garden smoothie, farmers garden smoothie,whole foods ,202,48,1,5,16.0,oz
harris teeter fresh foods market - braided challah bread, braided challah bread,harris teeter fresh foods market ,240,44,5,8,0.1875,th
sam s club - apple turnover, apple turnover,sam s club ,520,64,28,6,2.0,turnover
kroger - lemon pound cake, lemon pound cake,kroger ,240,37,9,3,1.0,slice
dunkin  donuts - wake-up wrap with egg   cheese, wake-up wrap with egg   cheese,dunkin  donuts ,150,13,8,7,1.0,wrap
coffeemate - french vanilla-liquid, french vanilla-liquid,coffeemate ,140,20,6,0,4.0,tbsp
coffee - - - decaf, - - decaf,coffee ,3,0,0,0,12.0,oz
"fruit, protein, water smoothie",,"fruit, protein, water smoothie",180,18,0,26,1.0,serving s 
homemade - two eggs over easy, two eggs over easy,homemade ,150,0,10,12,2.0,eggs
kirkland - bacon, bacon,kirkland ,80,0,7,5,2.0,slices
"bread - whole-wheat, toasted"," whole-wheat, toasted",bread ,78,15,1,3,1.0,oz
kirkland signature - organic strawberry spread  costco , organic strawberry spread  costco ,kirkland signature ,40,9,0,0,18.0,g
coffeemate - french vanilla-liquid, french vanilla-liquid,coffeemate ,105,15,5,0,3.0,tbsp
"safeway - bagel, cheddar cheese"," bagel, cheddar cheese",safeway ,140,23,3,6,0.5,bagel
safeway lucerne - whipped cream cheese, whipped cream cheese,safeway lucerne ,35,1,4,1,1.0,tblsp
oscar meyer - oscar meyer mesquite turkey breast, oscar meyer mesquite turkey breast,oscar meyer ,25,1,1,5,3.0,slices
lucerne coffee creamer - salted caramel, salted caramel,lucerne coffee creamer ,105,15,5,0,3.0,tbsp
odwalla - chocolate protein soy and dairy protein shake, chocolate protein soy and dairy protein shake,odwalla ,410,53,8,32,1.0,bottle
coffee - - - decaf, - - decaf,coffee ,4,0,0,0,16.0,oz
lucerne coffee creamer - salted caramel, salted caramel,lucerne coffee creamer ,210,30,9,0,6.0,tbsp
odwalla vanilla protein - soy and dairy protein shake, soy and dairy protein shake,odwalla vanilla protein ,185,18,3,16,7.6,fl
optimum nutrition gold standard - whey protein powder - vanilla ice cr , whey protein powder - vanilla ice cr ,optimum nutrition gold standard ,120,3,1,24,29.4,g
jif peanut butter - creamy peanut butter , creamy peanut butter ,jif peanut butter ,95,4,8,4,1.0,tbsp s 
water - municipal, municipal,water ,0,0,0,0,1.0,cup
coffee - - - decaf, - - decaf,coffee ,2,0,0,0,8.0,oz
walmart - hashbrown patty, hashbrown patty,walmart ,130,14,8,1,1.0,patty
albertsons - pineapple preserves  jelly jam , pineapple preserves  jelly jam ,albertsons ,50,13,0,0,1.0,tbsp
2 medium eggs - scramble eggs, scramble eggs,2 medium eggs ,140,0,10,12,2.0,eggs
kroger -  oatmeal,  oatmeal,kroger ,300,54,5,12,1.0,cup
bread - whole-wheat, whole-wheat,bread ,139,26,2,5,2.0,oz
creamer - half   half, half   half,creamer ,80,2,7,2,4.0,tbsp 
lucerne coffee creamer - salted caramel, salted caramel,lucerne coffee creamer ,70,10,3,0,2.0,tbsp
"banana - medium 7-8"""," medium 7-8""",banana ,53,14,0,1,0.5,medium
water - municipal, municipal,water ,0,0,0,0,1.25,cup s 
costco - egg, egg,costco ,240,3,15,24,3.0,egg
chives - raw, raw,chives ,1,0,0,0,1.0,tbsp
wright bacon - bacon, bacon,wright bacon ,225,0,18,13,2.5,slice
generic - bisquits, bisquits,generic ,130,27,5,2,1.0,biscuit
creamer - half   half, half   half,creamer ,40,1,4,1,2.0,tbsp 
costco - egg, egg,costco ,160,2,10,16,2.0,egg
spinach - raw, raw,spinach ,7,1,0,1,1.0,cup
costco - egg, egg,costco ,80,1,5,8,1.0,egg
starbucks - tall nonfat carmel machiatto, tall nonfat carmel machiatto,starbucks ,140,25,1,8,12.0,oz
starbucks - ham and swiss cheese panini, ham and swiss cheese panini,starbucks ,170,21,5,12,0.5,sandwich
starbucks - greek yogurt with honey parfait, greek yogurt with honey parfait,starbucks ,260,41,5,15,1.0,parfait
eggs - hard boiled, hard boiled,eggs ,156,1,10,12,2.0,large
starbucks - carmel macchiato-grande, carmel macchiato-grande,starbucks ,240,34,7,10,16.0,oz
"umpqua oats - kick start almonds, cranberries, blueberries"," kick start almonds, cranberries, blueberries",umpqua oats ,297,54,6,8,77.0,g 2 71
small - egg, egg,small ,70,0,5,6,50.0,g
cinnamon - cinnamon, cinnamon,cinnamon ,6,2,0,0,1.0,pinch
"oats - steel cut, prepared"," steel cut, prepared",oats ,170,29,3,7,1.0,cup
bread - whole-wheat, whole-wheat,bread ,34,6,1,1,0.5,slice
stevia - stevia in the raw, stevia in the raw,stevia ,0,1,0,0,1.0,packet
oscar meyer - oscar meyer mesquite turkey breast, oscar meyer mesquite turkey breast,oscar meyer ,38,2,1,7,4.5,slices
safeway lucerne - whipped cream cheese, whipped cream cheese,safeway lucerne ,70,1,7,1,2.0,tblsp
quaker - cream of wheat, cream of wheat,quaker ,120,23,0,4,33.0,g
dole banana - bananas, bananas,dole banana ,53,15,0,1,3.5,inch
omnitrition - thermo java sf drink mix - bottle, thermo java sf drink mix - bottle,omnitrition ,15,4,0,0,1.0,level
omnitrition - omni iv vitamin, omni iv vitamin,omnitrition ,45,12,0,0,1.0,oz
the greek gods - yogurt - honey, yogurt - honey,the greek gods ,290,33,14,8,1.0,cup
walmart - great valu frozen mixed berries, great valu frozen mixed berries,walmart ,20,4,0,0,0.25,cup
eggo - strawberry waffles, strawberry waffles,eggo ,180,29,6,4,2.0,waffles
maranatha - maple almond butter, maple almond butter,maranatha ,190,7,16,6,2.0,tbsp
homemade - eggs con chorizo, eggs con chorizo,homemade ,180,4,16,10,1.0,cup
home made - flour tortilla, flour tortilla,home made ,140,24,4,4,1.0,tortilla
eggs - fried  whole egg , fried  whole egg ,eggs ,185,1,14,13,2.0,large
tillamook - shredded chedder, shredded chedder,tillamook ,110,0,0,0,0.25,cup
safeway signature cafe - chunky chicken noodle soup, chunky chicken noodle soup,safeway signature cafe ,180,20,5,14,1.5,cup
coffee - brewed from grounds, brewed from grounds,coffee ,5,0,0,1,2.0,cup
au bon pain - chedder broccoli soup, chedder broccoli soup,au bon pain ,210,15,14,7,8.0,oz
quacker oats - oatmeal, oatmeal,quacker oats ,600,108,12,20,2.0,cup
dave - blueberries - , blueberries - ,dave ,42,11,0,1,0.5,cup
cereal - multi grain cheerios, multi grain cheerios,cereal ,83,18,1,2,0.75,cup
homemade - whole wheat tortilla, whole wheat tortilla,homemade ,68,22,1,3,1.0,tortilla
oscar meyer - thick cut bologna, thick cut bologna,oscar meyer ,120,2,11,4,1.0,slice
kraft - cheese-american singles, cheese-american singles,kraft ,60,2,4,3,1.0,slice
eggs - poached  whole egg , poached  whole egg ,eggs ,37,0,2,3,0.5,large
generic - bisquits, bisquits,generic ,65,14,3,1,0.5,biscuit
great value - shredded hashbrowns, shredded hashbrowns,great value ,70,16,0,2,1.0,cup
sugar in the raw - one sugar packet, one sugar packet,sugar in the raw ,40,10,0,0,2.0,packet
eggs - fried  whole egg , fried  whole egg ,eggs ,92,0,7,6,1.0,large
coffee - brewed from grounds, brewed from grounds,coffee ,4,0,0,0,1.5,cup
lucerne coffee creamer - salted caramel, salted caramel,lucerne coffee creamer ,53,8,2,0,1.5,tbsp
"cottage cheese - lowfat, 2  milkfat"," lowfat, 2  milkfat",cottage cheese ,203,8,4,31,1.0,cup
tully s coffee - caramel macchiato  grande , caramel macchiato  grande ,tully s coffee ,360,61,8,12,16.0,oz
"rbss - cheerios, multi-grain, 1 cup"," cheerios, multi-grain, 1 cup",rbss ,110,28,3,5,36.0,gr
quaker - cream of wheat, cream of wheat,quaker ,240,46,0,8,66.0,g
"milk -  reduced fat, 2  milkfat","  reduced fat, 2  milkfat",milk ,122,11,5,8,1.0,cup
water - municipal, municipal,water ,0,0,0,0,10.0,fl
"lettuce - cos or romaine, raw"," cos or romaine, raw",lettuce ,2,0,0,0,0.25,cup
eggs - poached  whole egg , poached  whole egg ,eggs ,147,1,10,13,2.0,large
dole banana - bananas, bananas,dole banana ,105,29,0,1,7.0,inch
generic - mozerella cheese stick, mozerella cheese stick,generic ,80,0,6,7,1.0,stick 4g 
water - municipal, municipal,water ,0,0,0,0,1.5,cup
eggs - 1 scrambled eggs  accurate vt , 1 scrambled eggs  accurate vt ,eggs ,213,0,15,18,3.0,large
chives - raw, raw,chives ,2,0,0,0,2.0,tbsp
"cheese - mozzarella, part skim milk"," mozzarella, part skim milk",cheese ,144,2,9,14,2.0,oz
oscar meyer - honey smoked white turkey lunch meat, honey smoked white turkey lunch meat,oscar meyer ,120,6,6,9,3.0,slice
blackberry smoothie ,,blackberry smoothie ,324,38,12,30,1.0,serving s 
"sunny meadow - large egg, scrambled"," large egg, scrambled",sunny meadow ,70,1,5,6,1.0,egg
coffee - brewed from grounds, brewed from grounds,coffee ,2,0,0,0,1.0,cup
lucerne coffee creamer - salted caramel, salted caramel,lucerne coffee creamer ,35,5,2,0,1.0,tbsp
"oranges - raw, navels"," raw, navels",oranges ,34,9,0,1,0.5,fruit
omnitrition - omni drops w  b12, omni drops w  b12,omnitrition ,0,0,0,0,10.0,drops
"apples - raw, with skin"," raw, with skin",apples ,72,19,0,0,1.0,medium
arrowhead mills - organic steel cut oats, organic steel cut oats,arrowhead mills ,300,58,5,10,0.5,cup
heb - fat free milk, fat free milk,heb ,40,6,0,4,0.5,cup
blueberries - raw, raw,blueberries ,41,11,0,1,0.5,cup
fruit - gala apple - small, gala apple - small,fruit ,55,15,0,0,1.0,apple
arrowhead mills - organic steel cut oats, organic steel cut oats,arrowhead mills ,150,29,3,5,0.25,cup
heb - fat free milk, fat free milk,heb ,80,12,0,8,1.0,cup
bob s red mill - steel cut oats - cooked, steel cut oats - cooked,bob s red mill ,187,33,4,5,0.3333333333333333,cup
tropicana - trop50 orange juice, trop50 orange juice,tropicana ,50,13,0,0,8.0,fl
heb organics - flax   hemp granola, flax   hemp granola,heb organics ,240,36,8,6,0.5,cup
spinach - raw, raw,spinach ,14,2,0,2,2.0,cup
heb marinades - raspberry chipotle, raspberry chipotle,heb marinades ,40,10,0,0,1.0,tbsp
stoneyfield - yogurt, yogurt,stoneyfield ,90,17,0,5,4.0,oz
kellogg s - rasin bran, rasin bran,kellogg s ,95,23,1,3,0.5,cup
heb - low fat milk-1 , low fat milk-1 ,heb ,75,9,2,6,6.0,ounces
turbana - banana, banana,turbana ,50,12,0,1,0.5,medium
made in nature - toasted coconut chips, toasted coconut chips,made in nature ,85,4,8,1,0.25,cup
bob s oatmeal - steel cut oats, steel cut oats,bob s oatmeal ,168,30,3,5,0.3,cup
fuji - organic apple, organic apple,fuji ,100,24,0,1,5.5,oz
hemp hearts - raw shelled hemps seeds, raw shelled hemps seeds,hemp hearts ,43,1,3,3,7.5,g
"egg - hardboiled egg, whole"," hardboiled egg, whole",egg ,78,1,5,6,1.0,large
stoneyfield - yogurt, yogurt,stoneyfield ,45,9,0,3,2.0,oz
smucker s - simply fruit- concord grape jelly, simply fruit- concord grape jelly,smucker s ,40,10,0,0,1.0,tbsp
one-a-day women s - complete multi vitamin,a-day women s - complete multi vitamin,one,0,0,0,0,1.0,tablet
generic - shelled edamami, shelled edamami,generic ,120,13,3,11,0.5,cup
ezekiel - cinnamon raisin bread, cinnamon raisin bread,ezekiel ,80,18,1,3,1.0,slice
heb organics - crunchy peanut butter, crunchy peanut butter,heb organics ,95,4,7,4,1.0,tbsp
made in nature - toasted coconut chips, toasted coconut chips,made in nature ,170,8,15,2,0.5,cup
stoneyfield - yogurt, yogurt,stoneyfield ,23,4,0,1,1.0,oz
healthy baked steel cut oatmeal recipe,,healthy baked steel cut oatmeal recipe,169,29,3,8,1.0,serving s 
generic - whole egg, whole egg,generic ,70,1,5,6,1.0,egg
rbss - fruit - grapes, fruit - grapes,rbss ,62,18,0,0,0.5,cup
grapes - raw, raw,grapes ,10,2,0,0,6.0,grape
thomas  - limited edition banana bread english muffins, limited edition banana bread english muffins,thomas  ,150,29,1,5,61.0,g
grapes - raw, raw,grapes ,24,6,0,0,15.0,grape
theo - organic salted almond dark chocolate, organic salted almond dark chocolate,theo ,105,10,9,2,0.25,bar
cereal bob s red mill 10 grain - hot cereal , hot cereal ,cereal bob s red mill 10 grain ,130,26,1,6,0.25,cup
strawberries - raw, raw,strawberries ,12,3,0,0,3.0,medium
heb - fat free milk, fat free milk,heb ,60,9,0,6,0.75,cup
cereal bob s red mill 10 grain - hot cereal , hot cereal ,cereal bob s red mill 10 grain ,260,52,2,12,0.5,cup
strawberries - raw, raw,strawberries ,23,6,0,0,6.0,medium
blueberries - raw, raw,blueberries ,21,5,0,0,0.25,cup
thomas - cinnamon rasin english muffin, cinnamon rasin english muffin,thomas ,140,29,1,4,1.0,muffin
calnaturale svelte - just your style spiced chai organic protein shake, just your style spiced chai organic protein shake,calnaturale svelte ,180,21,7,11,11.0,oz
theo - organic salted almond dark chocolate, organic salted almond dark chocolate,theo ,158,14,13,3,0.375,bar
green   black s - maya gold - dark chocolate w orange   spices 55  cocoa, maya gold - dark chocolate w orange   spices 55  cocoa,green   black s ,55,6,3,1,3.0,pieces
arnold - whole grain oat nut bread- corrected 3 1 15, whole grain oat nut bread- corrected 3 1 15,arnold ,120,21,2,4,1.0,slice
calavo - avacado, avacado,calavo ,50,3,5,1,0.2,medium
artichoke - artichoke large, artichoke large,artichoke ,76,17,0,5,1.0,artichoke
divina - greek olive mix, greek olive mix,divina ,30,2,3,0,3.0,olives
turkey - turkey lunchmeat, turkey lunchmeat,turkey ,120,0,1,8,2.0,oz
castello - havarti dill - cheese, havarti dill - cheese,castello ,110,0,10,6,1.0,ounce
chobani - banana  dark chocolate greek yogurt, banana  dark chocolate greek yogurt,chobani ,140,14,6,7,3.5,oz 
wasa - fiber crispbread cracker, fiber crispbread cracker,wasa ,80,14,2,3,2.0,slices
ezeckiel 4 9 - cinnamon raisin bread, cinnamon raisin bread,ezeckiel 4 9 ,80,18,0,3,1.0,slice
healthy steel cut oatmeal bake with whole milk ,,healthy steel cut oatmeal bake with whole milk ,189,34,4,8,1.0,serving s 
"organic valley - cottage cheese, 4 percent"," cottage cheese, 4 percent",organic valley ,110,5,5,14,0.5,cup
green   black s - maya gold - dark chocolate w orange   spices 55  cocoa, maya gold - dark chocolate w orange   spices 55  cocoa,green   black s ,110,12,7,2,6.0,pieces
bimbo- - soft wheat bread, - soft wheat bread,bimbo,120,22,1,5,2.0,slices
becky - large eggs, large eggs,becky ,140,0,10,12,2.0,egg
great value  walmart - colby   monterey jack block cheese, colby   monterey jack block cheese,great value  walmart ,88,0,7,6,22.4,g 1
sadie s - salsa, salsa,sadie s ,10,2,0,0,2.0,tbsp 
0183 coffee mate liquid creamer - creme brulee 1 tbsp, creme brulee 1 tbsp,0183 coffee mate liquid creamer ,70,10,3,0,2.0,tbsp
chiquita - banana  medium size , banana  medium size ,chiquita ,105,27,0,1,118.0,g
egg - 1 medium hard boiled, 1 medium hard boiled,egg ,70,0,6,6,1.0,whole
land o lakes - half n half creamer, half n half creamer,land o lakes ,40,1,3,1,2.0,tblsp
egg - 1 medium hard boiled, 1 medium hard boiled,egg ,140,0,12,12,2.0,whole
quaker oats - real medleys blueberry hazelnut oatmeal, real medleys blueberry hazelnut oatmeal,quaker oats ,270,49,7,7,70.0,grams
umpqua oats - kickstart oatmeal, kickstart oatmeal,umpqua oats ,300,55,6,8,2.73,ounces
0183 coffee mate liquid creamer - creme brulee 1 tbsp, creme brulee 1 tbsp,0183 coffee mate liquid creamer ,105,15,5,0,3.0,tbsp
pure - organic ancient grains - peanut butter chocolate bar, organic ancient grains - peanut butter chocolate bar,pure ,160,17,9,5,1.0,bar
special k - nourish hot cereal - cinnamon raisin pecan, nourish hot cereal - cinnamon raisin pecan,special k ,190,32,5,7,52.0,g
land o lakes - half n half creamer, half n half creamer,land o lakes ,80,2,6,2,4.0,tblsp
oscar mayer - turkey bacon, turkey bacon,oscar mayer ,70,0,6,4,2.0,slice
kodiak cakes with whole milk and eggs - pancakes, pancakes,kodiak cakes with whole milk and eggs ,200,24,6,14,0.33,cup
kirkland costco - organic maple syrup, organic maple syrup,kirkland costco ,55,14,0,0,1.0,tbsp s 
"carmelita s - chilaquiles taco  egg, tortilla chips, peppers, onion   cheese  on corn tortilla"," chilaquiles taco  egg, tortilla chips, peppers, onion   cheese  on corn tortilla",carmelita s ,700,0,0,0,2.0,taco
"generic  mexican resturant - papa ranchera taco  flour tortilla, potaotes, ranchera sauce, salsa verde "," papa ranchera taco  flour tortilla, potaotes, ranchera sauce, salsa verde ",generic  mexican resturant ,425,0,10,0,1.0,taco
"torchy s tacos - potato, egg, cheese on flour"," potato, egg, cheese on flour",torchy s tacos ,1080,69,54,63,3.0,taco
"torchy s tacos - potato, egg, cheese on flour"," potato, egg, cheese on flour",torchy s tacos ,360,23,18,21,1.0,taco
colombiana - pumpkin cheesecake cupcake, pumpkin cheesecake cupcake,colombiana ,543,61,30,9,1.75,cupcake
spinach omelet,,spinach omelet,430,10,29,27,1.0,serving
heb - nine grain bread, nine grain bread,heb ,210,44,2,0,3.0,oz
heb - smoked havarti loaf, smoked havarti loaf,heb ,120,0,10,5,1.0,oz
usda - banana, banana,usda ,105,27,0,1,1.0,medium
"taco cabana - breakfast taco- potato, egg,   cheese"," breakfast taco- potato, egg,   cheese",taco cabana ,960,69,57,45,3.0,taco
nature s touch  costco  - organic pitted frozen cherries, organic pitted frozen cherries,nature s touch  costco  ,100,22,0,1,1.0,cup
hot cereal w honey and butter,,hot cereal w honey and butter,610,113,14,9,1.0,serving
"starbucks - flat white, tall"," flat white, tall",starbucks ,170,14,9,9,12.0,oz 
starbucks - - roasted tomato   mozzarella panini, - roasted tomato   mozzarella panini,starbucks ,390,44,18,15,1.0,panini
burger king - veggie burger with 1 slice of cheese, veggie burger with 1 slice of cheese,burger king ,900,98,39,46,2.0,burger
burger king - large french fries, large french fries,burger king ,1000,144,44,10,2.0,each
hot cereal w honey and butter,,hot cereal w honey and butter,813,151,19,12,1.0,1 3
cage-free organic brown eggs - soft boiled eggs,free organic brown eggs - soft boiled eggs,cage,234,3,14,18,3.0,large
cage-free organic brown eggs - soft boiled eggs,free organic brown eggs - soft boiled eggs,cage,156,2,9,12,2.0,large
heb - pastry shop cheesecake, pastry shop cheesecake,heb ,220,31,10,2,1.0, 50g 
asparagus quiche with havarti,,asparagus quiche with havarti,807,53,53,37,2.0,serving
michigan dining - spinach and red onion pizza, spinach and red onion pizza,michigan dining ,276,39,7,13,1.0,slice
fruit shake,,fruit shake,392,105,1,7,1.0,1 3
hot cereal w honey and butter,,hot cereal w honey and butter,381,71,9,6,0.625,serving
starbucks - eggwhite spinach and feta wrap, eggwhite spinach and feta wrap,starbucks ,290,33,10,19,1.0,wrap
starbucks - turkey rustica panini, turkey rustica panini,starbucks ,480,53,18,33,1.0,sandwich
amys - mac   cheese organic pasta  corrected , mac   cheese organic pasta  corrected ,amys ,400,47,16,16,9.0,oz
jasons deli - organic flatbread cracker, organic flatbread cracker,jasons deli ,50,6,2,3,1.0,cracker
kirkland - organic eggs, organic eggs,kirkland ,210,0,15,18,3.0,egg
"royal flavor greenhouse - mini sweet peppers  yellow, red, orange "," mini sweet peppers  yellow, red, orange ",royal flavor greenhouse ,50,10,0,2,6.0,peppers
president - crumbled feta, crumbled feta,president ,70,1,5,5,1.0,oz
central market organics - extra virgin olive oil, extra virgin olive oil,central market organics ,40,0,5,0,0.33,tbsp
haas avocados - small avocado, small avocado,haas avocados ,219,11,20,3,0.875,small
kirkland - organic eggs, organic eggs,kirkland ,140,0,10,12,2.0,egg
"royal flavor greenhouse - mini sweet peppers  yellow, red, orange "," mini sweet peppers  yellow, red, orange ",royal flavor greenhouse ,42,8,0,2,5.0,peppers
great value neufch tel cheese - neufch tel cheese, neufch tel cheese,great value neufch tel cheese ,70,2,6,2,1.0,oz
heb bake shop - thin bagels everything, thin bagels everything,heb bake shop ,110,24,1,5,1.0,bagel
pacific natural foods - hemp milk - vanilla, hemp milk - vanilla,pacific natural foods ,120,18,4,2,0.75,cup
heb - powerhouse smoothie, powerhouse smoothie,heb ,60,18,1,1,8.0,oz
fresh fruit - moro blood orange, moro blood orange,fresh fruit ,105,23,0,2,4.5,"g 2"""
"carmelita s - chilaquiles taco  egg, tortilla chips, peppers, onion   cheese  on corn tortilla"," chilaquiles taco  egg, tortilla chips, peppers, onion   cheese  on corn tortilla",carmelita s ,1050,0,0,0,3.0,taco
orowheat - whole grain 100  whole wheat bread, whole grain 100  whole wheat bread,orowheat ,180,36,2,8,2.0,slice
"pasture verde - eggs, pasture raised organic large grade a"," eggs, pasture raised organic large grade a",pasture verde ,120,2,8,12,2.0,egg
kerrygold - butter unsalted, butter unsalted,kerrygold ,113,0,14,0,15.75,g
haas avocados - small avocado, small avocado,haas avocados ,63,3,6,1,0.25,small
central market - 50 50 blend baby spinach and spring mix, 50 50 blend baby spinach and spring mix,central market ,10,2,0,1,1.0,cups
chiquita - 1 large banana, 1 large banana,chiquita ,110,30,0,1,1.0,large
heb - powerhouse smoothie, powerhouse smoothie,heb ,120,36,1,2,16.0,oz
heb - greek plain 0  milk fat yogurt, greek plain 0  milk fat yogurt,heb ,245,14,0,40,1.75,cup
wegmans - organic wildflower honey, organic wildflower honey,wegmans ,40,11,0,0,0.67,tbsp
"domino s medium pan pizza - cheese, mushrooms, spinach, tomato, feta, onion"," cheese, mushrooms, spinach, tomato, feta, onion",domino s medium pan pizza ,290,29,14,11,0.125,pizza
"taco cabana - breakfast taco- potato,   egg"," breakfast taco- potato,   egg",taco cabana ,210,23,10,8,1.0,taco
starbucks - cream cheese danish, cream cheese danish,starbucks ,320,36,16,8,80.0,g
"starbucks - flat white, tall"," flat white, tall",starbucks ,213,18,11,11,15.0,oz 
schlotzskys - small original sandwich, small original sandwich,schlotzskys ,570,52,26,28,1.0,sandwich
schlotzskys - chips - salt   vinegar, chips - salt   vinegar,schlotzskys ,230,24,13,2,1.0,bag
coffee mate - french vanilla coffee creamer, french vanilla coffee creamer,coffee mate ,35,5,2,0,2.0,tbsp
nature valley - protein crunchy granola oats   honey, protein crunchy granola oats   honey,nature valley ,105,16,2,5,0.25,cup
donut shop - coffee k cup, coffee k cup,donut shop ,2,0,0,0,1.0,cup
in the raw - stevia in the raw, stevia in the raw,in the raw ,0,1,0,0,2.0,tsp 
cannon - oikos greek nonfat yogurt vanilla, oikos greek nonfat yogurt vanilla,cannon ,120,19,0,12,5.3,oz
tropicana - trop50 orange juice, trop50 orange juice,tropicana ,50,13,0,0,8.0,fl
coffee mate - french vanilla coffee creamer, french vanilla coffee creamer,coffee mate ,53,8,2,0,3.0,tbsp
kroger - large grade a eggs, large grade a eggs,kroger ,140,0,10,12,2.0,egg
great value  walmart - 100  whole wheat bread, 100  whole wheat bread,great value  walmart ,70,13,1,3,1.0,slice
nature s way - efa gold - coconut oil organic pure extra virgin  with 62  mcts , efa gold - coconut oil organic pure extra virgin  with 62  mcts ,nature s way ,130,0,14,0,14.0,g
"hass - avocado, medium"," avocado, medium",hass ,25,2,2,0,1.0,tbs
heb - coffee creamer - french vanilla, coffee creamer - french vanilla,heb ,50,9,2,0,3.0,tsp
heb - coffee creamer - french vanilla, coffee creamer - french vanilla,heb ,67,12,3,0,4.0,tsp
sweet leaf liquid stevia - sweet drops vanilla cream, sweet drops vanilla cream,sweet leaf liquid stevia ,0,0,0,0,20.0,drops
nestle coffee-mate - natural bliss vanilla flavor coffee creamer,mate - natural bliss vanilla flavor coffee creamer,nestle coffee,105,15,5,0,3.0,tbsp
nature s way - efa gold - coconut oil organic pure extra virgin  with 62  mcts , efa gold - coconut oil organic pure extra virgin  with 62  mcts ,nature s way ,87,0,9,0,9.32,g
cuties - california mandarin oranges  1 clementine serving , california mandarin oranges  1 clementine serving ,cuties ,40,9,0,1,1.0,mandarin
oats so simple 27g packet   180ml skimmed milk - porridge, porridge,oats so simple 27g packet   180ml skimmed milk ,180,24,5,9,1.0,bowl
generic - 1 banana, 1 banana,generic ,100,25,0,1,1.0,fruit
pret a manger - regular skinny latte  uk , regular skinny latte  uk ,pret a manger ,102,13,1,11,1.0,drink
marks and spencer  m s  - pain au chocolate, pain au chocolate,marks and spencer  m s  ,380,42,21,8,1.0,pastry
starbucks - tall filter coffee  black , tall filter coffee  black ,starbucks ,4,0,0,1,1.0,cup
starbucks uk - skinny caffe latte grande, skinny caffe latte grande,starbucks uk ,131,20,0,13,1.0,cup
meridian - crunchy peanut butter  no palm oil , crunchy peanut butter  no palm oil ,meridian ,60,1,5,3,10.0,g
sainsbury s taste the difference - buttermilk crumpet, buttermilk crumpet,sainsbury s taste the difference ,288,59,2,9,2.5,crumpet
tesco - apricot jam, apricot jam,tesco ,74,19,0,0,30.0,g
home prepared - coffee with skimmed milk, coffee with skimmed milk,home prepared ,40,8,0,5,2.0,cup
yeo valley - natural yoghurt, natural yoghurt,yeo valley ,124,10,6,7,150.0,g
strawberries - raw, raw,strawberries ,15,4,0,0,4.0,medium
mangos - raw, raw,mangos ,67,18,0,1,0.5,fruit
honey,,honey,64,17,0,0,1.0,tbsp
homemade - peanut butter granola, peanut butter granola,homemade ,300,72,10,8,0.5,cup
pret a manger  hong kong  - filter coffee, filter coffee,pret a manger  hong kong  ,35,3,1,0,1.0,cup
starbucks - tall skinny latte  uk , tall skinny latte  uk ,starbucks ,102,15,0,10,1.0,tall
waitrose - red delicious apples, red delicious apples,waitrose ,50,12,0,0,100.0,g
starbucks  uk  - skinny blueberry muffin, skinny blueberry muffin,starbucks  uk  ,305,61,4,6,1.0,muffin
bonne maman - strawberry jam, strawberry jam,bonne maman ,100,26,0,0,2.0,tbl
granny smith - apple, apple,granny smith ,130,34,0,1,1.0,large
yeo valley - peach   apricot yoghurt, peach   apricot yoghurt,yeo valley ,127,16,5,6,120.0,g
bread - wholemeal toast, wholemeal toast,bread ,220,35,3,9,2.0,slice
eggs - hard-boiled  whole egg , hard-boiled  whole egg ,eggs ,78,1,5,6,1.0,large
outtakes - cottage cheese, cottage cheese,outtakes ,41,2,1,7,0.25,cup
"pineapple - raw, traditional varieties"," raw, traditional varieties",pineapple ,38,10,0,0,1.0,slice
honey,,honey,61,16,0,0,20.0,g
anchor - butter, butter,anchor ,108,0,12,0,15.0,g
anchor - butter, butter,anchor ,41,0,5,0,5.63,g
honey,,honey,76,21,0,0,25.0,g
starbucks coffee - americano- black 473ml  8 oz , americano- black 473ml  8 oz ,starbucks coffee ,8,2,0,1,8.0,oz
pret large fruit salad - pret large fruit salad, pret large fruit salad,pret large fruit salad ,115,28,0,2,1.0,pack
rude health - muesli nutty crunch, muesli nutty crunch,rude health ,175,23,4,5,40.0,g
sainsburys - skimmed milk, skimmed milk,sainsburys ,36,5,1,4,100.0,ml
meridian - crunchy peanut butter  no palm oil , crunchy peanut butter  no palm oil ,meridian ,89,2,7,4,15.0,g
warburton s - wholemeal bread 800g, wholemeal bread 800g,warburton s ,188,32,2,8,2.0,slice
sainsbury s taste the difference - multiseed bloomer, multiseed bloomer,sainsbury s taste the difference ,357,26,8,18,3.0,piece
starbucks - luxury fruit bread, luxury fruit bread,starbucks ,485,84,12,10,2.0,slices
"pret a manger - bircher muesli bowl - with apple, superfruits and pistachios "," bircher muesli bowl - with apple, superfruits and pistachios ",pret a manger ,304,42,10,13,1.0,bowl
starbucks uk - sunshine bircher, sunshine bircher,starbucks uk ,347,65,5,8,1.0,container
sainsburys taste the difference - soft wholemeal farmhouse batch brown bread, soft wholemeal farmhouse batch brown bread,sainsburys taste the difference ,109,18,1,5,1.0,slice
"cafe nero cafe - latte, regular, semi skimmed milk"," latte, regular, semi skimmed milk",cafe nero cafe ,69,7,3,5,1.0,cup
sainsburys taste the difference - soft wholemeal farmhouse batch brown bread, soft wholemeal farmhouse batch brown bread,sainsburys taste the difference ,218,36,3,9,2.0,slice
duerr s - crunchy peanut butter, crunchy peanut butter,duerr s ,283,2,25,12,0.13,container
home prepared - coffee with skimmed milk, coffee with skimmed milk,home prepared ,60,12,0,8,3.0,cup
small - banana, banana,small ,89,23,0,1,4.0,oz
thomas - 100 percent whole wheat english muffins, 100 percent whole wheat english muffins,thomas ,60,12,1,3,28.5,g
earth balance - peanut butter, peanut butter,earth balance ,285,12,24,11,3.0,tbsp
earth balance - peanut butter, peanut butter,earth balance ,190,8,16,7,2.0,tbsp
small - banana, banana,small ,45,12,0,1,2.0,oz
kroger - grade a large egg  hard boiled , grade a large egg  hard boiled ,kroger ,70,0,5,6,1.0,egg
sunbelt bakery - fruit   nut granola cereal, fruit   nut granola cereal,sunbelt bakery ,240,40,7,4,0.6666666666666666,cup
milk 1  low fat - horizon organic, horizon organic,milk 1  low fat ,110,13,3,8,1.0,cup
"organics, grade a large brown egg, - hard boiled, whole"," hard boiled, whole","organics, grade a large brown egg, ",140,0,10,12,2.0,egg
honey   nut - cheerios, cheerios,honey   nut ,110,22,2,2,0.75,cup
fat free milk  everyday  - fat free milk, fat free milk,fat free milk  everyday  ,80,11,0,8,1.0,cup
"coffee - instant, regular"," instant, regular",coffee ,6,1,0,0,10.0,fl
sugar  white granulated  - sugar  white granulated , sugar  white granulated ,sugar  white granulated  ,48,13,0,0,3.0,tsp
honey   nut - cheerios, cheerios,honey   nut ,143,29,2,3,0.9750000000000001,cup
optimum nutrition - gold standard natural 100  whey  vanilla , gold standard natural 100  whey  vanilla ,optimum nutrition ,130,5,1,24,1.0,rounded
"simple truth - almond milk, unsweetened"," almond milk, unsweetened",simple truth ,80,4,6,2,2.0,cup
"simple truth - almond milk, unsweetened"," almond milk, unsweetened",simple truth ,48,2,4,1,1.2,cup
honey nut cheerios - without milk, without milk,honey nut cheerios ,147,29,2,3,1.0,cup
skim milk - fat free skim milk, fat free skim milk,skim milk ,85,11,0,8,1.0,cup s 
simple truth - vanilla almond milk, vanilla almond milk,simple truth ,113,20,3,1,10.0,fl
quaker quick original - grits, grits,quaker quick original ,65,15,0,2,0.125,cup
sargento - extra sharp cheddar shredded cheese, extra sharp cheddar shredded cheese,sargento ,55,1,5,4,0.125,cup
simple truth - vanilla almond milk, vanilla almond milk,simple truth ,90,16,3,1,8.0,fl
scambled - egg - large, egg - large,scambled ,210,1,14,19,3.0,large
kirkland - bacon, bacon,kirkland ,40,0,4,3,1.0,slices
"bread - whole-wheat, toasted"," whole-wheat, toasted",bread ,139,26,2,5,2.0,slice
generic - grilled green peppers, grilled green peppers,generic ,6,2,0,0,0.25,medium
generic - raw diced tomatoes, raw diced tomatoes,generic ,6,1,0,0,0.2,cup
cooked onion - onion, onion,cooked onion ,12,1,1,0,0.1,cup
walmart - banana nut muffin, banana nut muffin,walmart ,175,21,10,3,0.5,muffin
thomas - 100 percent whole wheat english muffins, 100 percent whole wheat english muffins,thomas ,120,23,1,6,57.0,g
smuckers - preserves - strawberry, preserves - strawberry,smuckers ,50,13,0,0,1.0,tbsp
philadelphia 1 3 less fat cream cheese - cream cheese, cream cheese,philadelphia 1 3 less fat cream cheese ,70,0,6,2,1.0,oz
kroger - large grade a eggs, large grade a eggs,kroger ,175,0,13,15,2.5,egg
"jimmy dean - fully cooked turkey sausage patties, 68 g "," fully cooked turkey sausage patties, 68 g ",jimmy dean ,100,1,7,11,2.0,patties
kroger - shredded 2  4 cheese mexican blend, shredded 2  4 cheese mexican blend,kroger ,40,1,3,4,0.125,cup
"simple truth - almond milk, unsweetened"," almond milk, unsweetened",simple truth ,40,2,3,1,1.0,cup
"thomas  - english muffin, cinnamon raisin"," english muffin, cinnamon raisin",thomas  ,140,29,1,4,1.0,muffin
simple truth - almond milk, almond milk,simple truth ,60,8,3,1,1.0,cup
simple truth - almond milk, almond milk,simple truth ,72,10,3,1,1.2,cup
green apple - 1 medium apple, 1 medium apple,green apple ,72,22,0,0,1.0,medium
optimum nutrition protein shake strawberry - optimum nutrition protein shake strawberry, optimum nutrition protein shake strawberry,optimum nutrition protein shake strawberry ,120,3,1,24,1.0,scoop
chobani - key lime greek yogurt, key lime greek yogurt,chobani ,150,19,3,12,5.3,oz
quaker - apple   cinnamon oatmeal, apple   cinnamon oatmeal,quaker ,320,66,4,8,2.0,packet
my essentials  foodlion  - 2  lowfat milk, 2  lowfat milk,my essentials  foodlion  ,130,12,5,8,1.0,cup
"simple truth - almond milk, unsweetened"," almond milk, unsweetened",simple truth ,50,3,4,1,1.25,cup
earth balance - creamy natural peanut butter with flaxseed, creamy natural peanut butter with flaxseed,earth balance ,380,16,32,14,4.0,tbsp
cereal - honey nut cheerios w  2  milk, honey nut cheerios w  2  milk,cereal ,360,46,3,4,1.0,1 2
turkey bacon - butterball  , butterball  ,turkey bacon ,100,0,8,8,4.0,slices
kroger - original quick grits, original quick grits,kroger ,140,29,1,3,1.0,cup
cheese - kroger - finely shredded cheese - sharp cheddar, kroger - finely shredded cheese - sharp cheddar,cheese ,110,1,9,7,0.25,cup
quaker oats - apple   cinnamon instant oatmeal, apple   cinnamon instant oatmeal,quaker oats ,320,66,3,8,2.0,packet
simple truth organic - plain soy milk, plain soy milk,simple truth organic ,120,10,5,8,1.2,cup
lipton - green tea bags, green tea bags,lipton ,4,0,0,0,1.0,tea
honey - clover, clover,honey ,120,34,0,0,2.0,tablespoon
sugar - white, white,sugar ,32,8,0,0,2.0,teaspoon
gold standard - french vanilla creme whey, french vanilla creme whey,gold standard ,110,2,1,24,1.0,scoop
quaker oats - maple   brown sugar, maple   brown sugar,quaker oats ,320,64,4,8,2.0,packet
homemade - crab bisque, crab bisque,homemade ,209,0,0,0,1.0,cup
optimum nutrition - gold standard whey protein - french vanilla creme, gold standard whey protein - french vanilla creme,optimum nutrition ,120,4,1,24,1.0,rounded
quaker oats - maple   brown sugar, maple   brown sugar,quaker oats ,160,32,2,4,1.0,packet
butterball - everyday turkey smoked sausage hardwood smooked, everyday turkey smoked sausage hardwood smooked,butterball ,100,6,5,7,2.0,oz 
heb - real egg whites  liquid egg whites , real egg whites  liquid egg whites ,heb ,25,1,0,5,0.25,cup
heb - taquito tortillas, taquito tortillas,heb ,90,15,3,2,1.0,tortilla
promise land - whole milk , whole milk ,promise land ,80,6,5,5,0.5,cup
cinnamon toast crunch - cereal, cereal,cinnamon toast crunch ,130,24,3,1,31.0,grams
white wings - la paloma - flour tortillas, la paloma - flour tortillas,white wings ,140,21,5,3,1.0,tortilla
heb - real egg whites  100  real liquid egg whites , real egg whites  100  real liquid egg whites ,heb ,25,1,0,5,0.25,cup
dole - baby spinach leaves, baby spinach leaves,dole ,5,1,0,1,0.75,oz 
jones - ham slices with natural jucies, ham slices with natural jucies,jones ,50,1,2,8,2.0,slices
mc donalds - filet-o-fish, filet-o-fish,mc donalds ,390,39,19,15,1.0,sandwich
mcdonalds - small fries  white pouch , small fries  white pouch ,mcdonalds ,230,30,11,2,1.0,serving
kellogg s - special k - moments - caramel pretzel bliss indulgent snack bars, special k - moments - caramel pretzel bliss indulgent snack bars,kellogg s ,70,12,2,1,1.0,pouch
homemade - aroz caldo  chicken w  rice , aroz caldo  chicken w  rice ,homemade ,391,74,2,22,2.0,cup
chobani - greek yogurt with oats - banana maple, greek yogurt with oats - banana maple,chobani ,160,28,2,10,1.0,container
ocean prince - smoked oysters, smoked oysters,ocean prince ,130,6,7,11,1.0,can
great value - saltine crackers, saltine crackers,great value ,60,11,2,1,5.0,crackers
vita coco - pure coconut water, pure coconut water,vita coco ,45,11,0,0,8.0,oz
banana -  small ,  small ,banana ,90,23,0,1,6.0,-
tropicana orange juice - trop 50, trop 50,tropicana orange juice ,25,7,0,0,0.5,cup
sun sweet ones - prune, prune,sun sweet ones ,75,18,0,1,3.75,individually
shipley s - glazed donut, glazed donut,shipley s ,217,25,11,3,1.0,donut
homemade - tortilla flour medium, tortilla flour medium,homemade ,172,32,3,4,2.0,medium
bolthouse farms - vanilla chai tea heart healthy, vanilla chai tea heart healthy,bolthouse farms ,270,41,6,14,12.0,fl 
yoplait greek 100 whips - black cherry, black cherry,yoplait greek 100 whips ,100,15,0,9,4.0,oz
banana -  small ,  small ,banana ,15,4,0,0,1.0,-
cream of wheat - original instant, original instant,cream of wheat ,100,20,0,3,1.0,packet
generic - sugar granulated, sugar granulated,generic ,15,1,0,0,1.0,tsp
"milk -  reduced fat, 2  milkfat","  reduced fat, 2  milkfat",milk ,92,9,4,6,0.75,cup
jimmy dean delights - applewood smoke chicken sausage patties, applewood smoke chicken sausage patties,jimmy dean delights ,60,2,4,5,1.0,patties
countrycrock - butter spread, butter spread,countrycrock ,60,0,7,0,1.0,tbsp
heb bakeshop - 100  whole wheat bread, 100  whole wheat bread,heb bakeshop ,140,26,2,8,2.0,slice
yoplait - greek whips strawberry, greek whips strawberry,yoplait ,100,15,0,9,1.0,container
generic - bananas - raw, bananas - raw,generic ,70,23,0,1,100.0,grams
"sunny meadow - large egg, scrambled"," large egg, scrambled",sunny meadow ,70,1,5,6,1.0,egg
andy garcia - chorizo garcia pork  cereal added , chorizo garcia pork  cereal added ,andy garcia ,55,1,4,2,0.63,oz 
salsa - homemade, homemade,salsa ,6,2,0,1,1.0,oz
seasoned chicken taco meat - chicken, chicken,seasoned chicken taco meat ,190,2,3,22,4.0,oz
homemade - corn tortilla  small , corn tortilla  small ,homemade ,120,23,1,3,2.0,tortilla
rice - mexican rice, mexican rice,rice ,100,14,4,2,0.5,cup
homemade - refried pinto beans, refried pinto beans,homemade ,120,18,4,6,3.0,oz
eas - fruit smoothie - stawberry banana, fruit smoothie - stawberry banana,eas ,90,11,1,10,2.0,scoops
"coconut dream - original coconut milk enriched w a,d,b12   calcium"," original coconut milk enriched w a,d,b12   calcium",coconut dream ,80,7,5,0,1.0,cup
heb - eggg white, eggg white,heb ,25,0,0,5,0.25,cup
nature sweet - grape tomatoes, grape tomatoes,nature sweet ,7,1,0,0,3.0,tomatoes
"marketside  wal-mart  - baby spinach, organic","mart  - baby spinach, organic",marketside  wal,35,5,1,4,5.0,oz
kraft - mild cheddar shredded cheese, mild cheddar shredded cheese,kraft ,55,0,5,3,14.0,g
jimmy dean delights - applewood smoke chicken sausage patties, applewood smoke chicken sausage patties,jimmy dean delights ,120,3,8,10,2.0,patties
mrs  baird s bread - honey wheat bread, honey wheat bread,mrs  baird s bread ,140,26,1,4,2.0,slice
country crock - margarine with calcium, margarine with calcium,country crock ,50,0,5,0,14.0,grams
tropicana - orange juice trop 50 with calcium   vitamin d, orange juice trop 50 with calcium   vitamin d,tropicana ,50,13,0,1,8.0,oz
mrs  baird s bread - honey wheat bread, honey wheat bread,mrs  baird s bread ,70,13,1,2,1.0,slice
kraft - mild cheddar shredded cheese, mild cheddar shredded cheese,kraft ,22,0,2,1,5.6,g
generic - venison sausage link, venison sausage link,generic ,140,0,11,8,2.0,oz
polar - coconut milk premium lite, coconut milk premium lite,polar ,60,1,6,1,0.3333333333333333,cup
heb mango chunks - corrected right, corrected right,heb mango chunks ,90,24,0,1,140.0,g
dole banana - bananas, bananas,dole banana ,110,27,0,1,7.0,inch
belvita soft baked banana bread - breakfast biscuit, breakfast biscuit,belvita soft baked banana bread ,190,32,7,3,1.0,pack
dole banana - bananas, bananas,dole banana ,55,13,0,1,3.5,inch
croissants - butter, butter,croissants ,115,13,6,2,1.0,oz
original pork sausage patties b - original pork sausage patties b, original pork sausage patties b,original pork sausage patties b ,140,1,13,5,1.0,patties
"velveeta slices original - single cheese slice, 19 g"," single cheese slice, 19 g",velveeta slices original ,35,3,2,3,1.0,slice
juicing - green seedless - grapes green seedless, green seedless - grapes green seedless,juicing ,26,7,0,0,0.25,cup
fitmiss - delight protein shake chocolate, delight protein shake chocolate,fitmiss ,90,4,2,16,1.0,scoop
almond breeze - unsweetened original almond milk, unsweetened original almond milk,almond breeze ,30,1,3,1,240.0,ml
international delight - french vanilla cream, french vanilla cream,international delight ,35,6,2,0,1.0,tbsp
dole banana - bananas, bananas,dole banana ,100,27,0,1,7.0,inch
fish or seafood soup - fish or seafood soup, fish or seafood soup,fish or seafood soup ,210,0,0,0,1.0,bowl
homemade - barbacoa  meat only , barbacoa  meat only ,homemade ,356,1,15,51,1.0,cup
4383 sunkist - minneola tangelo, minneola tangelo,4383 sunkist ,70,13,0,1,1.0,ea
cashew dream original unsweetened - milk, milk,cashew dream original unsweetened ,40,3,3,1,1.0,cup
atkins - cashew trail mix bar  5 net carbs , cashew trail mix bar  5 net carbs ,atkins ,170,6,11,7,1.4,oz
fit miss - chocolate protein shake, chocolate protein shake,fit miss ,90,4,2,16,1.0,scoop
toast - toast, toast,toast ,100,21,0,7,1.0,slice
benton s - bacon, bacon,benton s ,50,0,4,3,1.0,slice
costco - pumpkin streusel muffin, pumpkin streusel muffin,costco ,340,42,17,4,0.5,muffin
egg - poached egg, poached egg,egg ,70,0,5,6,1.0,medium
silk- 1 cup - pure almond milk - vanilla, 1 cup - pure almond milk - vanilla,silk,45,8,1,1,0.5,cup
trader joes - organic brown sugar, organic brown sugar,trader joes ,23,6,0,0,1.5,tsp
starbuck s - white chocolate americano, white chocolate americano,starbuck s ,70,11,2,0,12.0,oz
trader joe s - steel cut oats, steel cut oats,trader joe s ,150,27,3,5,0.25,cup
kix - cereal, cereal,kix ,96,24,1,2,1.2,cup
hill country fare - 1  low fat milk, 1  low fat milk,hill country fare ,50,6,1,4,0.5,cup
doles - bananas, bananas,doles ,105,27,0,1,1.0,medium
ruta maya - organic coffee, organic coffee,ruta maya ,2,0,0,0,8.0,oz 
central market organics - half and half, half and half,central market organics ,35,1,3,1,2.0,tbsp
costco - pumpkin pie cheesecake, pumpkin pie cheesecake,costco ,420,47,24,7,1.0,slice
general mills with whole grain - kix cereal  net carbs , kix cereal  net carbs ,general mills with whole grain ,110,25,1,2,1.0,1 4
larabar - apple pie, apple pie,larabar ,190,24,10,4,1.0,bar
amazing grass - green superfood antioxidant berry drink powder  40000 orac , green superfood antioxidant berry drink powder  40000 orac ,amazing grass ,25,4,1,2,1.0,scoop
garden of life - raw meal replacement - chocolate cacao, raw meal replacement - chocolate cacao,garden of life ,85,9,2,9,0.5,scoop
"heb - frozen peaches, strawberries   bananas"," frozen peaches, strawberries   bananas",heb ,70,17,0,1,1.0,cup
west soy - organic unsweetened soymilk, organic unsweetened soymilk,west soy ,90,5,5,9,8.0,oz 
great value  walmart  - orange juice country style, orange juice country style,great value  walmart  ,55,13,0,2,4.0,fl
great value  walmart  - orange juice country style, orange juice country style,great value  walmart  ,110,25,0,3,8.0,fl
powergel - berry blast, berry blast,powergel ,110,27,0,0,1.0,pck
"heb - frozen peaches, strawberries   bananas"," frozen peaches, strawberries   bananas",heb ,35,9,0,1,0.5,cup
heb - frozen super sweet pineapple chunks, frozen super sweet pineapple chunks,heb ,33,8,0,1,0.25,cup
homemade - popcorn  1 tbsp olive oil   salt , popcorn  1 tbsp olive oil   salt ,homemade ,110,12,6,2,2.0,cup
great value  walmart  - orange juice country style, orange juice country style,great value  walmart  ,83,19,0,2,6.0,fl
cereal - multigrain cheerios, multigrain cheerios,cereal ,110,24,1,2,1.0,cup
hill country fare - 1  low fat milk, 1  low fat milk,hill country fare ,100,12,3,8,1.0,cup
west soy - organic unsweetened soymilk, organic unsweetened soymilk,west soy ,45,3,2,5,4.0,oz 
garden of life - raw meal replacement - chocolate cacao, raw meal replacement - chocolate cacao,garden of life ,43,4,1,4,0.25,scoop
shipleys - ham and cheese kolache, ham and cheese kolache,shipleys ,326,34,16,11,1.0,kolache
luna - iced oatmeal raisin bar, iced oatmeal raisin bar,luna ,180,27,5,9,1.0,bar 
freddy s - original double steakeburger, original double steakeburger,freddy s ,599,36,32,38,1.0,burger
freddy s custard - chocolate shake - regular, chocolate shake - regular,freddy s custard ,667,72,32,17,1.0,shake
cream of wheat -  reid ,  reid ,cream of wheat ,110,24,0,4,33.0,g
imperial sugar - dark brown sugar, dark brown sugar,imperial sugar ,15,4,0,0,1.0,tsp
walmart - butter, butter,walmart ,40,0,4,0,0.4,t
pure protein - protein bar-pure protein chewy chocolate chip, protein bar-pure protein chewy chocolate chip,pure protein ,140,13,4,14,0.7,bar
walmart great value - mixed nuts, mixed nuts,walmart great value ,170,5,15,6,28.0,g
great value - fat free cottage cheese, fat free cottage cheese,great value ,80,6,0,13,0.5,cup
supreme protein - caramel nut chocolate, caramel nut chocolate,supreme protein ,195,18,8,15,0.5,bar
garden of life - raw fit protein powder, raw fit protein powder,garden of life ,40,2,0,9,0.5,scoop
heb - low fat milk-1 , low fat milk-1 ,heb ,200,24,5,16,2.0,cup
optimum nutrition - serious mass  vanilla , serious mass  vanilla ,optimum nutrition ,625,126,2,25,167.0,g
optimum nutrition - serious mass  vanilla , serious mass  vanilla ,optimum nutrition ,438,88,2,18,116.9,g
quest - s mores bar, s mores bar,quest ,180,23,8,20,1.0,bar
heb  organics - 100  cranberry juice, 100  cranberry juice,heb  organics ,35,9,0,0,4.0,fl
heb - rice squares, rice squares,heb ,100,23,0,2,1.0,cup
quest - lemon cream pie bar, lemon cream pie bar,quest ,160,26,5,20,1.0,bar
epic bar - turkey almond cranberry, turkey almond cranberry,epic bar ,150,9,6,14,43.0,grams
heb  organics - 100  cranberry juice, 100  cranberry juice,heb  organics ,70,17,0,0,8.0,fl
heb - half   half milk, half   half milk,heb ,40,1,4,1,2.0,tbsp
heb - 100  whole grain brown rice, 100  whole grain brown rice,heb ,300,64,2,6,84.0,g
hill country fare  heb - boneless skinless chicken breast, boneless skinless chicken breast,hill country fare  heb ,180,0,5,33,6.0,oz
hy-top 100  - olive oil extra virgin,top 100  - olive oil extra virgin,hy,30,0,4,0,0.25,tablespoon
a1 steak sauce ph1967 - a1 steak sauce ph 1967, a1 steak sauce ph 1967,a1 steak sauce ph1967 ,30,6,0,0,2.0,tbsp
whole foods - evening primrose oil - 500 mg - cold pressed solvent free, evening primrose oil - 500 mg - cold pressed solvent free,whole foods ,5,0,1,0,1.0,softgel
now foods - ultra omega-3 - fish oil 500 epa   250 dha, ultra omega-3 - fish oil 500 epa   250 dha,now foods ,30,0,3,0,3.0,softgel
a1 steak sauce ph1967 - a1 steak sauce ph 1967, a1 steak sauce ph 1967,a1 steak sauce ph1967 ,23,5,0,0,1.5,tbsp
now foods - ultra omega-3 - fish oil 500 epa   250 dha, ultra omega-3 - fish oil 500 epa   250 dha,now foods ,40,0,4,0,4.0,softgel
generic - quest white chocolate raspberry protein bar, quest white chocolate raspberry protein bar,generic ,190,23,8,20,1.0,bar
oatmega - wild blueberry crisp, wild blueberry crisp,oatmega ,190,21,7,14,1.0,bar
quest - protein chips - bbq, protein chips - bbq,quest ,120,5,2,21,1.0,bag
quest protein bar - double chocolate chunk, double chocolate chunk,quest protein bar ,160,25,6,20,1.0,bar
hill country fare  heb - boneless skinless chicken breast, boneless skinless chicken breast,hill country fare  heb ,54,0,1,10,1.8,oz
heb - 100  whole grain brown rice, 100  whole grain brown rice,heb ,75,16,1,2,21.0,g
wendy s - ultimate chicken grill sandwich w  honey mustard sauce, ultimate chicken grill sandwich w  honey mustard sauce,wendy s ,370,43,7,34,1.0,sandwich
heb - 100  whole grain brown rice, 100  whole grain brown rice,heb ,150,32,1,3,42.0,g
nature s path organic cereal - flax plus multibran flakes cereal, flax plus multibran flakes cereal,nature s path organic cereal ,110,23,2,4,0.75,cup
hill country fare - fat-free skim milk, fat-free skim milk,hill country fare ,40,6,0,4,0.5,cup
nature s path organic cereal - flax plus multibran flakes cereal, flax plus multibran flakes cereal,nature s path organic cereal ,165,35,2,6,1.0,1 8
nature s path organic cereal - flax plus multibran flakes cereal, flax plus multibran flakes cereal,nature s path organic cereal ,138,29,2,5,0.9375,cup
hill country fare - fat-free skim milk, fat-free skim milk,hill country fare ,60,9,0,6,0.75,cup
quest - mixed berry bliss, mixed berry bliss,quest ,120,13,5,12,0.6,bar
domino - white granulated sugar, white granulated sugar,domino ,23,6,0,0,1.5,tsp
heb - half   half milk, half   half milk,heb ,20,1,2,1,1.0,tbsp
domino - white granulated sugar, white granulated sugar,domino ,15,4,0,0,1.0,tsp
musselmans - apple butter, apple butter,musselmans ,15,4,0,0,0.5,tbsp
hill country fare - fat-free skim milk, fat-free skim milk,hill country fare ,80,12,0,8,1.0,cup
"supreme protein - caramel nut chocolate, 1 bar  50g"," caramel nut chocolate, 1 bar  50g",supreme protein ,200,19,8,15,1.75,oz 
oroweat - healthfull nutty grain bread, healthfull nutty grain bread,oroweat ,240,51,3,15,3.0,slice
hormel - natural choice cracked black pepper deli turkey no preservatives, natural choice cracked black pepper deli turkey no preservatives,hormel ,20,0,0,4,1.0,slices
quest bar - protein bar - cookie dough, protein bar - cookie dough,quest bar ,190,21,8,21,1.0,bar
monster - rehab tea lemonade    correct, rehab tea lemonade    correct,monster ,20,6,0,0,16.0,fl 
quest - coconut cashew protein bar, coconut cashew protein bar,quest ,170,25,6,20,1.0,bar
domino - white granulated sugar, white granulated sugar,domino ,30,8,0,0,2.0,tsp
chipotle mexican grill - grilled chicken, grilled chicken,chipotle mexican grill ,180,0,7,32,4.0,oz
sprouts - raw pine nuts, raw pine nuts,sprouts ,58,1,6,1,1.0,tbs
organics-quinoa - quinoa - plain,quinoa - quinoa - plain,organics,140,28,2,6,42.0,g
mission - flour tortilla medium, flour tortilla medium,mission ,130,24,4,4,1.0,tortilla
round rock doughnuts - glazed doughnut, glazed doughnut,round rock doughnuts ,380,32,12,4,2.0,glazed
oroweat - healthfull nutty grain bread, healthfull nutty grain bread,oroweat ,80,17,1,5,1.0,slice
"cheese - blue, bleu"," blue, bleu",cheese ,100,1,8,6,1.0,oz
homemade - ribeye steak grilled, ribeye steak grilled,homemade ,107,0,4,8,1.29,oz
outtakes - candied pecans, candied pecans,outtakes ,89,4,8,1,1.0,tbsp
mcdonald s  usa - double quarter pounder with cheese  website , double quarter pounder with cheese  website ,mcdonald s  usa ,740,43,42,47,9.8,oz
mcdonald s - slice of bacon, slice of bacon,mcdonald s ,70,1,5,5,1.0,slice
lofthouse - macadamia nut white chocolate chip cookie, macadamia nut white chocolate chip cookie,lofthouse ,160,23,7,2,1.0,cookie
great value - saltine crackers, saltine crackers,great value ,36,7,1,1,3.0,crackers
pilgrim s pride - fresh chicken breast tenderloins, fresh chicken breast tenderloins,pilgrim s pride ,180,2,1,42,8.0,oz
coffee-mate - french vanilla creamer- tub,mate - french vanilla creamer- tub,coffee,50,6,3,0,2.0,tub
epic - beef habanero cherry bar, beef habanero cherry bar,epic ,190,10,11,13,1.0,bar
shipley s - plain sausage kolache, plain sausage kolache,shipley s ,109,13,6,2,0.5,kolache
shipley s - glazed donut, glazed donut,shipley s ,434,50,22,6,2.0,donut
stoney field organics - plain low fat yogurt, plain low fat yogurt,stoney field organics ,113,14,3,9,0.9375,cup
quest - mixed berry bliss, mixed berry bliss,quest ,200,22,8,20,1.0,bar
nature s bakery - whole wheat rasberry fig bar, whole wheat rasberry fig bar,nature s bakery ,220,40,5,4,2.0,oz
nature s bakery - whole wheat rasberry fig bar, whole wheat rasberry fig bar,nature s bakery ,110,20,3,2,1.0,oz
nature s path organic cereal - flax plus multibran flakes cereal, flax plus multibran flakes cereal,nature s path organic cereal ,74,15,1,3,0.5025000000000001,cup
silk - plain unsweetened soy milk, plain unsweetened soy milk,silk ,40,2,2,4,0.5,cup
quest bar protein bar - cookies   cream, cookies   cream,quest bar protein bar ,180,22,7,21,1.0,bar
dole - medium organic banana, medium organic banana,dole ,110,29,0,1,126.0,g
hill country fair  heb  - reduced fat milk 2 , reduced fat milk 2 ,hill country fair  heb  ,150,14,6,10,1.25,cup
silk - plain unsweetened soy milk, plain unsweetened soy milk,silk ,80,3,4,7,1.0,cup
"clif bar   co - energy bar, oatmeal raisin walnut"," energy bar, oatmeal raisin walnut",clif bar   co ,120,22,3,5,0.5,bar
heb - whole frozen strawberries, whole frozen strawberries,heb ,18,5,0,0,0.375,c
einstein bros bagels - asiago cheese bagel, asiago cheese bagel,einstein bros bagels ,290,54,4,12,1.0,bagel
bartlette - pear, pear,bartlette ,102,27,0,1,1.0,pear
quest - cookies   cream -  net carbs , cookies   cream -  net carbs ,quest ,180,3,7,21,1.0,bar
dannon - oikos plain greek nonfat yogurt, oikos plain greek nonfat yogurt,dannon ,80,6,0,15,150.0,g
hill country fair  heb  - reduced fat milk 2 , reduced fat milk 2 ,hill country fair  heb  ,120,11,5,8,1.0,cup
kelloggs - frosted mini wheats, frosted mini wheats,kelloggs ,95,23,1,3,10.5,biscuits
generic - scrambled egg - 1 large, scrambled egg - 1 large,generic ,182,2,13,12,2.0,egg
jimmy dean sage sausage roll - sausage, sausage,jimmy dean sage sausage roll ,360,2,30,20,4.0,oz
nestle coffee-mate coffee creamer - italian sweet cream,mate coffee creamer - italian sweet cream,nestle coffee,70,10,3,0,2.0,tbsp
6 almonds - 6 almonds, 6 almonds,6 almonds ,42,2,2,2,10.0,pieces
international delight - french vanilla - coffee creamer - singles, french vanilla - coffee creamer - singles,international delight ,15,3,1,0,0.5,creamer
bob s red mill - steel cut oats - cooked, steel cut oats - cooked,bob s red mill ,140,25,3,4,0.25,cup
blueberries - raw, raw,blueberries ,41,11,0,1,0.5,cup
sodexo - sauteed swiss chard, sauteed swiss chard,sodexo ,80,5,6,2,4.0,oz
spinach - sauteed spinach, sauteed spinach,spinach ,28,4,0,4,2.0,cup
eurest - sauteed kale, sauteed kale,eurest ,83,11,4,3,0.5,cup
generic - fresh black-eyed peas, fresh black-eyed peas,generic ,198,36,0,14,1.0,c
kind - peanut butter and chocolate  plus protein, peanut butter and chocolate  plus protein,kind ,200,17,13,7,1.0,bar
eggs - two scrambled   140 calories, two scrambled   140 calories,eggs ,140,2,14,12,2.0,eggs
herdez - medium salsa, medium salsa,herdez ,10,2,0,0,2.0,tbsp
frank s red - red hot original, red hot original,frank s red ,0,0,0,0,1.0,tsp
fresh fruit - moro blood orange, moro blood orange,fresh fruit ,70,15,0,1,3.0,"g 2"""
sweet potato - baked sweet potato  small  , baked sweet potato  small  ,sweet potato ,104,12,0,1,3.0,oz
international delight - peppermint mocha creamer, peppermint mocha creamer,international delight ,35,6,2,0,1.0,tbsp
k-cup - large coffee,cup - large coffee,k,0,0,0,0,12.0,oz
oscar meyer - pre-cooked bacon, pre-cooked bacon,oscar meyer ,128,0,10,11,4.8,slices
yoplait - yogurt whips - chocolate, yogurt whips - chocolate,yoplait ,160,25,4,5,1.0,container
kellog s special k - strawberry protein shake, strawberry protein shake,kellog s special k ,180,29,5,10,1.0,bottle
slim jim - original giant slim, original giant slim,slim jim ,140,4,11,6,1.0,stick
kellogg s special k - french vanilla protein shake, french vanilla protein shake,kellogg s special k ,180,29,5,10,1.0,bottle
banana - peeled, peeled,banana ,25,6,0,0,2.7,oz
international delight - peppermint mocha creamer, peppermint mocha creamer,international delight ,105,18,5,0,3.0,tbsp
polly-o - twists - mozzarella   cheddar cheeses,o - twists - mozzarella   cheddar cheeses,polly,100,0,8,12,2.0,stick
k-cup - large coffee,cup - large coffee,k,0,0,0,1,24.0,oz
kraft - simply low fat cottage cheese 2  milkfat, simply low fat cottage cheese 2  milkfat,kraft ,90,8,3,10,0.5,cup
"pizza hut 12"" - pepperoni", pepperoni,"pizza hut 12"" ",310,33,12,15,1.0,slices
byrne dairy - fat free skim milk, fat free skim milk,byrne dairy ,40,6,0,4,0.5,cup
international delight - peppermint mocha creamer, peppermint mocha creamer,international delight ,140,24,6,0,4.0,tbsp
austin - chocolatey peanut butter  6 crackers , chocolatey peanut butter  6 crackers ,austin ,190,26,8,3,1.0,package
coffee - brewed from grounds, brewed from grounds,coffee ,5,0,0,1,2.0,cup
m s - fruit beauty cocktail, fruit beauty cocktail,m s ,110,29,0,2,350.0,g
morrisons - corn on the cob duel pack, corn on the cob duel pack,morrisons ,96,16,2,3,80.0,g
coffee - brewed from grounds, brewed from grounds,coffee ,2,0,0,0,1.0,cup
mattessons - turkey bacon, turkey bacon,mattessons ,51,1,0,10,2.0,grilled
heinz - baked beans  415 g , baked beans  415 g ,heinz ,109,18,0,6,138.32,gr
eggs - fried  whole egg , fried  whole egg ,eggs ,92,0,7,6,1.0,large
morrisons - cloudy apple juice  100  fruit pressed , cloudy apple juice  100  fruit pressed ,morrisons ,90,22,0,1,200.0,ml
solgar - earth source multi-nutrient, earth source multi-nutrient,solgar ,5,1,0,0,1.0,tablets
blackmores - fish oil 1000, fish oil 1000,blackmores ,9,0,1,0,1.0,capsule
eggs - fried  whole egg , fried  whole egg ,eggs ,185,1,14,13,2.0,large
sainsbury s - chestnut mushrooms, chestnut mushrooms,sainsbury s ,13,0,1,2,100.0,g
oil - extra virgin olive oil , extra virgin olive oil ,oil ,60,0,7,0,0.5,tbsp
waitrose - organic dried chilli flakes, organic dried chilli flakes,waitrose ,1,0,0,0,0.5,tsp
sainsburys - orange juice - smooth, orange juice - smooth,sainsburys ,86,18,1,1,1.0,cups
bananas - raw, raw,bananas ,53,13,0,1,0.5,medium
blueberries - raw, raw,blueberries ,21,5,0,0,0.25,cup
clarks - original maple syrup, original maple syrup,clarks ,52,14,0,0,20.0,ml
morrisons - squeezed orange juice with bits, squeezed orange juice with bits,morrisons ,109,24,0,2,250.0,ml
clipper - organic white tea, organic white tea,clipper ,0,0,0,0,1.0,cup
buckwheat pancakes,,buckwheat pancakes,349,50,12,8,3.0,serving s 
lucy bee - extra virgin coconut oil, extra virgin coconut oil,lucy bee ,45,0,5,0,5.0,g
sainsburys - golden vegtable rice, golden vegtable rice,sainsburys ,193,38,2,6,125.0,g
generic - black mustard seeds, black mustard seeds,generic ,24,2,1,1,1.0,tsp
"spices - cardamom pod, green"," cardamom pod, green",spices ,2,0,0,0,1.0,pod
"generic - shitake mushrooms, fresh"," shitake mushrooms, fresh",generic ,9,2,0,1,24.0,g
sainsbury s - chestnut mushrooms, chestnut mushrooms,sainsbury s ,3,0,0,0,25.0,g
mccormick - mayonnaise light, mayonnaise light,mccormick ,50,1,5,0,14.0,gr
"ham - sliced, extra lean"," sliced, extra lean",ham ,23,1,1,4,0.99,slices
bimbo - pan integral grande, pan integral grande,bimbo ,144,28,2,6,2.0,slices
fud - panela cheese, panela cheese,fud ,94,0,0,0,30.0,gr
mexican - chorizo con huevos, chorizo con huevos,mexican ,280,4,21,20,1.0,cup
don chuy - tortilla de harina, tortilla de harina,don chuy ,540,84,20,5,6.0,tortillas
caseros - molletes, molletes,caseros ,190,22,8,8,1.0,mollete
orange juice - raw, raw,orange juice ,112,26,0,2,1.0,cup
quakers - strawberry and cream instant oatmeal, strawberry and cream instant oatmeal,quakers ,140,27,2,3,1.0,packet
milk - nonfat  fat free or skim , nonfat  fat free or skim ,milk ,43,6,0,4,0.5,cup
eggs - scrambled  whole egg , scrambled  whole egg ,eggs ,101,1,7,7,1.0,large
fud - jam n de pechuga de pavo, jam n de pechuga de pavo,fud ,36,2,0,6,2.0,rebanada
generic - rosca de reyes  mexican , rosca de reyes  mexican ,generic ,225,0,0,0,1.0,slice
abuelita - instant hot chocolate, instant hot chocolate,abuelita ,55,10,2,2,0.5,cup
fud - jam n de pechuga de pavo, jam n de pechuga de pavo,fud ,18,1,0,3,1.0,rebanada
fud - queso manchego rebanado, queso manchego rebanado,fud ,55,1,3,2,1.0, 28
foster farms - chicken bologna, chicken bologna,foster farms ,60,0,5,4,1.0,slice
kraft fat-free singles - american cheese  ,free singles - american cheese  ,kraft fat,25,2,0,4,19.0,g
bimbo - pan blanco grande, pan blanco grande,bimbo ,138,28,1,4,2.0,rebanadas
y  fud - jamon de pavo virginia, jamon de pavo virginia,y  fud ,19,1,0,3,1.0,rebanada
bimbo - pan blanco de molde - familiar, pan blanco de molde - familiar,bimbo ,73,14,1,3,1.0,slice
fud - pechuga de pavo virginia - bajo en grasa, pechuga de pavo virginia - bajo en grasa,fud ,18,1,0,3,1.0,slice
generic - egg sunny side up, egg sunny side up,generic ,90,0,7,6,1.0,egg
"fruit - banana  7"" to 7-7 8"" "," banana  7"" to 7-7 8"" ",fruit ,100,27,0,1,1.0,medium
fud - salchicha de pavo, salchicha de pavo,fud ,85,2,6,6,1.0,link
kraft fat-free singles - american cheese  ,free singles - american cheese  ,kraft fat,75,6,0,12,57.0,g
bimbo - pan blanco de molde - familiar, pan blanco de molde - familiar,bimbo ,146,27,1,6,2.0,slice
chapel hill - chicken sausage, chicken sausage,chapel hill ,140,0,5,24,4.0,oz
kellogs - special k sabor pay de queso y frambuesa, special k sabor pay de queso y frambuesa,kellogs ,80,14,2,1,1.0,bar
generic - pinnaple, pinnaple,generic ,49,11,0,0,100.0,g
"lettuce - iceberg  includes crisphead types , raw"," iceberg  includes crisphead types , raw",lettuce ,5,1,0,0,0.5,cup
lala  r  - queso panela light reducido en grasa, queso panela light reducido en grasa,lala  r  ,52,1,3,6,30.0,gr 
cafeteria - scrambled eggs w  ham   cheese, scrambled eggs w  ham   cheese,cafeteria ,190,8,12,12,8.0,oz
chicken - chicken breast grilled, chicken breast grilled,chicken ,172,0,9,21,100.0,gr
strawberries - raw, raw,strawberries ,15,4,0,0,4.0,medium
naked - boosted green machine 100  juice smoothie, boosted green machine 100  juice smoothie,naked ,170,41,0,2,10.0,oz
fud  r  - jam n de pavo tipo virginia, jam n de pavo tipo virginia,fud  r  ,19,1,0,3,1.0,rebanada
cheese - deli style muenster cheese sliced, deli style muenster cheese sliced,cheese ,40,0,3,3,0.5,slice
bimbo integral - pan integral mediano, pan integral mediano,bimbo integral ,138,25,2,5,2.0,rebanada
spectrum essentials - chia seeds, chia seeds,spectrum essentials ,60,4,4,2,1.0,tbsp
banana - fruit - medium , fruit - medium ,banana ,105,27,0,1,1.0,banana
morningflake - porridge, porridge,morningflake ,148,22,3,5,40.0,g
"meridian - natural crunchy peanut butter, no added salt or sugar"," natural crunchy peanut butter, no added salt or sugar",meridian ,47,1,4,2,8.0,g
generic - one teaspoon of honey, one teaspoon of honey,generic ,21,6,0,0,1.0,teaspoon
generic - hard boiled egg medium  usda data    corrected , hard boiled egg medium  usda data    corrected ,generic ,156,1,11,13,2.0,egg
morrisons - medium white bread roll, medium white bread roll,morrisons ,120,11,1,2,1.0,roll
warburtons - five seeds seeded batch white bread, five seeds seeded batch white bread,warburtons ,172,23,5,7,59.8,g
"meridian - natural crunchy peanut butter, no added salt or sugar"," natural crunchy peanut butter, no added salt or sugar",meridian ,93,2,7,5,16.0,g
warburtons - five seeds seeded batch white bread, five seeds seeded batch white bread,warburtons ,258,35,8,10,89.7,g
bills - scrambled egg   salmon on toast, scrambled egg   salmon on toast,bills ,520,18,34,35,1.0,portion
butter - unsalted, unsalted,butter ,68,0,8,0,2.0,tsp s 
hovis - soft white thick 800g , soft white thick 800g ,hovis ,238,45,2,9,2.0,slice
marks and spencer - greek style yogurt with mango   passionfruit compote marks   spencer, greek style yogurt with mango   passionfruit compote marks   spencer,marks and spencer ,258,39,6,9,205.0,g
wetherspoons - traditional breakfast, traditional breakfast,wetherspoons ,867,67,47,39,1.0,plate
president - butter, butter,president ,73,0,8,0,10.0,g
marmite - marmite, marmite,marmite ,18,2,0,3,8.0,g
mandy s breakfast muffings,,mandy s breakfast muffings,192,15,14,5,1.0,serving s 
dunkin  donuts - large pumpkin coffee cream only, large pumpkin coffee cream only,dunkin  donuts ,330,49,12,6,20.0,fl
totinos party pizza - triple meat, triple meat,totinos party pizza ,680,72,34,24,1.0,pizza
quaker instant oatmeal - pumpkin spice, pumpkin spice,quaker instant oatmeal ,160,32,3,4,1.0,packet
thomas - blueberry bagel, blueberry bagel,thomas ,135,27,1,5,0.5,bagel
cream cheese - plain, plain,cream cheese ,51,0,5,1,1.0,tbsp
denny s - home fries, home fries,denny s ,210,26,12,2,1.0,about
generic - rye toast with butter, rye toast with butter,generic ,106,17,4,3,1.0,slice
denny s - coffee w cream, coffee w cream,denny s ,60,2,50,1,10.0,oz
denny s - country fried steak  steak only , country fried steak  steak only ,denny s ,380,19,19,14,0.5,steak
denny s - two eggs, two eggs,denny s ,188,1,16,10,3.0,oz
denny s - 4 bacon strips, 4 bacon strips,denny s ,70,1,6,5,2.0,slices
dunkin donuts - pumpkin iced coffee cream only, pumpkin iced coffee cream only,dunkin donuts ,240,37,9,4,24.0,ounces
quaker - oatmeal  maple   brownsugar  ph1967, oatmeal  maple   brownsugar  ph1967,quaker ,160,32,2,4,1.0,package
dunkin donuts - boston cream donut, boston cream donut,dunkin donuts ,310,39,16,3,1.0,donut
dunkin  donuts  - chocolate frosted donut, chocolate frosted donut,dunkin  donuts  ,270,31,15,3,1.0,donut
hot pocket - beef taco, beef taco,hot pocket ,300,36,13,10,1.0,pocket
olive garden - mashed potatoes side, mashed potatoes side,olive garden ,100,11,5,3,0.5,serving
olive garden - parmesan roasted asparagus, parmesan roasted asparagus,olive garden ,24,2,2,1,0.3,plate
olive garden - olive garden breadstick, olive garden breadstick,olive garden ,490,88,9,14,3.5,stick
olive garden - garlic rosemary chicken - lunch, garlic rosemary chicken - lunch,olive garden ,400,29,16,36,1.0,plate
dunkin donuts - bacon egg and cheese on croissant, bacon egg and cheese on croissant,dunkin donuts ,120,10,7,5,0.25,sandwich
reese s - christmas tree, christmas tree,reese s ,170,18,10,4,1.0,piece
homemade - muffin-banana chocolate chip, muffin-banana chocolate chip,homemade ,120,26,2,2,1.0,muffin
special k - fruit and yogurt cerial, fruit and yogurt cerial,special k ,120,27,1,2,0.75,cup
"milk -  reduced fat, 2  milkfat","  reduced fat, 2  milkfat",milk ,122,11,5,8,1.0,cup
clementine - clem, clem,clementine ,35,9,0,1,1.0,medium
homemade - plain cheesecake - low carb sugar free, plain cheesecake - low carb sugar free,homemade ,144,5,11,4,0.5,piece
mrs ts - pierogies, pierogies,mrs ts ,180,31,4,5,3.0,pierogies
mccormick s gourmet collection - italian seasoning , italian seasoning ,mccormick s gourmet collection ,0,0,0,0,1.0,tsp
libby s - french style green beans, french style green beans,libby s ,35,7,0,2,0.5,container
valu time spread butter - butter, butter,valu time spread butter ,75,0,9,0,1.5,tbsp
strawberries - raw, raw,strawberries ,23,6,0,0,6.0,medium
special k - fruit and yogurt cerial, fruit and yogurt cerial,special k ,160,36,1,3,1.0,cup
silk - cashewmilk, cashewmilk,silk ,60,9,3,1,1.0,cup
nature valley - crunchy oats   honey, crunchy oats   honey,nature valley ,143,22,5,3,1.5,bars
nature valley - crunchy oats   honey, crunchy oats   honey,nature valley ,238,36,8,5,2.5,bars
big y ketchup - tomato ketchup, tomato ketchup,big y ketchup ,8,2,0,0,0.5,tbsp 17g 
great value - 80 20 100  beef hamburger patties ay, 80 20 100  beef hamburger patties ay,great value ,290,0,23,21,1.0,patty
big y - white hamburger roll, white hamburger roll,big y ,120,19,3,4,1.0,roll
land o  lakes premium deli cheese - white american cheese, white american cheese,land o  lakes premium deli cheese ,80,1,7,4,1.0,slice
great value - premium macaroni   cheese dinner from lable, premium macaroni   cheese dinner from lable,great value ,320,47,10,11,1.0,cup
silk - cashewmilk, cashewmilk,silk ,90,14,4,2,1.5,cup
pure protein - 100  whey protein powder- frosty chocolate - net carbs, 100  whey protein powder- frosty chocolate - net carbs,pure protein ,210,5,5,38,1.5,scoop
protein - tuna, tuna,protein ,60,0,1,13,2.0,oz
state fair - real mayonnaise, real mayonnaise,state fair ,50,0,6,0,0.5,tbsp
big y - blueberry bagel, blueberry bagel,big y ,125,26,1,5,0.5,bagel
price rite - complete buttermilk pancake   waffle mix, complete buttermilk pancake   waffle mix,price rite ,105,21,1,3,0.25,cup
nestle toll house - milk chocolate chips, milk chocolate chips,nestle toll house ,70,9,4,1,1.0,tbsp
country crock - original butter, original butter,country crock ,70,0,7,0,1.0,tbsp
price rite - pancake syrup, pancake syrup,price rite ,105,27,0,0,0.125,cup
heluva good - sharp cheddar chees, sharp cheddar chees,heluva good ,55,1,5,4,0.5,oz
valu time spread butter - butter, butter,valu time spread butter ,13,0,2,0,0.25,tbsp
cavendish farms - old fashioned hashbrown potato patties, old fashioned hashbrown potato patties,cavendish farms ,65,9,4,1,0.5,pattie
"oranges - raw, navels"," raw, navels",oranges ,69,18,0,1,1.0,fruit
armour - polish sausage, polish sausage,armour ,90,3,65,0,1.0,oz 
big y - 2 1 2 dozen large grade a eggs, 2 1 2 dozen large grade a eggs,big y ,60,0,4,5,1.0,egg
hot pocket - meatballs with mozzarella, meatballs with mozzarella,hot pocket ,330,38,15,10,1.0,pocket
pizza guys - pizza - combination, pizza - combination,pizza guys ,540,56,22,28,2.0,slice
big  y - enriched white grinder rolls, enriched white grinder rolls,big  y ,125,25,1,5,0.5,roll
armour - polish sausage, polish sausage,armour ,270,9,195,0,0.33,container
valu time spread butter - butter, butter,valu time spread butter ,50,0,6,0,1.0,tbsp
shop rite - 100  real grated parmesan   romano cheese , 100  real grated parmesan   romano cheese ,shop rite ,20,0,2,2,1.0,tbsp
"spices - pepper, black"," pepper, black",spices ,4,1,0,0,0.25,tbsp
country crock original - margerine, margerine,country crock original ,70,0,7,0,1.0,tbsp
price rite - pancake syrup, pancake syrup,price rite ,26,7,0,0,0.03125,cup
"blue diamond - almond breeze unsweetened almondmilk, vanilla"," almond breeze unsweetened almondmilk, vanilla",blue diamond ,40,2,4,1,1.0,cup
stop   shop - rotisserie chicken breast  natural  homemade, rotisserie chicken breast  natural  homemade,stop   shop ,168,0,1,33,4.0,oz 
betty crocker - scalloped potatoes  prepared , scalloped potatoes  prepared ,betty crocker ,195,34,4,4,1.0,cup
potato - russet, russet,potato ,27,6,0,1,37.5,g
green giant - fresh selected baby cut carrots , fresh selected baby cut carrots ,green giant ,7,2,0,0,2.0,carrots
homemade - crockpot ham with mustard and brown sugar, crockpot ham with mustard and brown sugar,homemade ,169,7,9,17,3.0,oz
potato - russet, russet,potato ,55,12,0,2,75.0,g
homemade - crockpot ham with mustard and brown sugar, crockpot ham with mustard and brown sugar,homemade ,225,9,12,22,4.0,oz
green giant - fresh selected baby cut carrots , fresh selected baby cut carrots ,green giant ,11,2,0,0,3.0,carrots
stop   shop - rotisserie chicken breast  natural  homemade, rotisserie chicken breast  natural  homemade,stop   shop ,126,0,1,25,3.0,oz 
"philadelphia - cream cheese spread, original 2 tbsp"," cream cheese spread, original 2 tbsp",philadelphia ,80,2,7,2,2.0,tbsp
denny s - country fried steak  steak only , country fried steak  steak only ,denny s ,760,37,37,28,1.0,steak
denny s - two eggs, two eggs,denny s ,125,1,11,7,2.0,oz
"fiber one - fiber one bar, oats   chocolate"," fiber one bar, oats   chocolate",fiber one ,140,29,4,2,1.0,bar
kashi - go lean crunch cluster, go lean crunch cluster,kashi ,253,51,4,12,1.0,cup
blue diamond almonds - almond breeze almondmilk - unsweetened - vanilla, almond breeze almondmilk - unsweetened - vanilla,blue diamond almonds ,30,1,3,1,1.0,cup
price rite - lowfat vanilla yogurt, lowfat vanilla yogurt,price rite ,105,18,1,6,0.5,cup
kashi - go lean crunch cluster, go lean crunch cluster,kashi ,127,25,2,6,0.5,cup
strawberries - raw, raw,strawberries ,8,2,0,0,2.0,medium
strawberries - raw, raw,strawberries ,15,4,0,0,4.0,medium
mcdonalds - sausage egg and cheese buttermilk biscuit, sausage egg and cheese buttermilk biscuit,mcdonalds ,570,38,36,20,1.0,biscuit
"rice - white, long-grain, regular, cooked"," white, long-grain, regular, cooked",rice ,205,45,0,4,1.0,cup
"perdue - chicken thigh - bone in, with skin"," chicken thigh - bone in, with skin",perdue ,480,0,34,38,8.0,oz 
jennie s beans,,jennie s beans,238,55,0,14,2.0,serving s 
land o  lakes - white american cheese, white american cheese,land o  lakes ,100,2,8,5,1.0,oz
dunkin donuts - caramel swirl shot, caramel swirl shot,dunkin donuts ,50,13,0,2,1.0,shot
dunkin donuts - medium hot coffee- skim milk, medium hot coffee- skim milk,dunkin donuts ,30,6,0,2,14.0,oz
shoprite - sugar free coffee creamer french vanilla, sugar free coffee creamer french vanilla,shoprite ,30,2,2,0,2.0,tbsp
"black coffee - black, no sugar"," black, no sugar",black coffee ,0,0,0,0,8.0,oz
dunkin donuts - medium hot coffee with cream only, medium hot coffee with cream only,dunkin donuts ,100,4,9,2,14.0,oz
quaker - low sugar apples   cinnamon instant oat meal, low sugar apples   cinnamon instant oat meal,quaker ,220,44,3,6,2.0,packet
clif bar - coconut chocolate chip, coconut chocolate chip,clif bar ,240,43,6,10,1.0,bar
quaker - low sugar apples   cinnamon instant oat meal, low sugar apples   cinnamon instant oat meal,quaker ,110,22,2,3,1.0,packet
think thin - lean protein   fiber bar cinnamon bun white chocolate, lean protein   fiber bar cinnamon bun white chocolate,think thin ,300,40,10,20,80.0,grams
think thin - lean protein   fiber bar cinnamon bun white chocolate, lean protein   fiber bar cinnamon bun white chocolate,think thin ,150,20,5,10,40.0,grams
"quaker - cream of wheat, original w water"," cream of wheat, original w water",quaker ,200,38,0,6,0.5,cup
kashi go lean - creamy all natural instant hot cereal - truly vanilla, creamy all natural instant hot cereal - truly vanilla,kashi go lean ,420,72,6,27,3.0,packet
chobani - lemon greek yogurt , lemon greek yogurt ,chobani ,130,18,0,12,150.0,g
quaker - instant oatmeal packet - unflavored, instant oatmeal packet - unflavored,quaker ,100,19,2,4,1.0,packet
quaker instant oatmeal - peach  n cream, peach  n cream,quaker instant oatmeal ,130,27,2,3,35.0,g
quaker instant oatmeal - pumpkin spice, pumpkin spice,quaker instant oatmeal ,320,64,5,8,2.0,packet
kashi go lean - creamy all natural instant hot cereal - truly vanilla, creamy all natural instant hot cereal - truly vanilla,kashi go lean ,280,48,4,18,2.0,packet
"quaker instant oatmeal - maple   brown sugar, lower sugar"," maple   brown sugar, lower sugar",quaker instant oatmeal ,240,48,4,8,68.0,g
cream of wheat - instant - maple brown sugar, instant - maple brown sugar,cream of wheat ,260,56,0,4,70.0,g
quaker instant oatmeal - sugar maple and brown sugar, sugar maple and brown sugar,quaker instant oatmeal ,320,64,4,8,2.0,package
yoplait - greek 100 strawberry cheesecake, greek 100 strawberry cheesecake,yoplait ,100,12,0,12,5.3,oz
"nature s bounty - extra strength hair, skin and nails"," extra strength hair, skin and nails",nature s bounty ,10,0,1,0,3.0,caplets
pom wonderful - pomegranate mango 100  juice, pomegranate mango 100  juice,pom wonderful ,140,34,0,0,8.0,oz 
wawa - medium cinnamon oatmeal, medium cinnamon oatmeal,wawa ,270,57,4,5,1.0,container
ocean spray - craisens, craisens,ocean spray ,130,33,0,0,0.25,cup
thomas - whole grain english muffin, whole grain english muffin,thomas ,130,27,1,4,1.0,muffin
lucerne - cream cheese with garden vegetables, cream cheese with garden vegetables,lucerne ,90,2,9,1,2.0,tbsp
yoplait - greek 100 calories - boston cream pie, greek 100 calories - boston cream pie,yoplait ,100,11,0,13,1.0,container
"quaker - instant oatmeal - weight control, cinnamon"," instant oatmeal - weight control, cinnamon",quaker ,320,58,6,14,2.0,packet
"quaker instant oatmeal - maple   brown sugar, lower sugar"," maple   brown sugar, lower sugar",quaker instant oatmeal ,360,72,6,12,102.0,g
orange - large navel ss, large navel ss,orange ,87,22,0,2,1.0,large
morrison - steal cut oatmeal, steal cut oatmeal,morrison ,326,53,7,16,2.0,oz
chiqui - banana, banana,chiqui ,220,60,0,2,252.0,g
chobani - greek yogurt blueberry on the bottom 0  fat, greek yogurt blueberry on the bottom 0  fat,chobani ,130,19,0,12,5.3,oz
quaker oats - high fiber maple and brown sugar instant oatmeal, high fiber maple and brown sugar instant oatmeal,quaker oats ,160,34,2,4,1.0,package
365 organic - instant oatmeal - multigrain with flax seed, instant oatmeal - multigrain with flax seed,365 organic ,140,27,3,5,1.0,packet
dannon light   fit greek blends - key lime, key lime,dannon light   fit greek blends ,80,9,0,12,5.3,oz 
365 organic - instant oatmeal - multigrain with flax seed, instant oatmeal - multigrain with flax seed,365 organic ,280,54,6,10,2.0,packet
quaker oats - high fiber maple and brown sugar instant oatmeal, high fiber maple and brown sugar instant oatmeal,quaker oats ,320,68,4,8,2.0,package
fruit - banana  2 fruit , banana  2 fruit ,fruit ,60,15,0,1,1.0,banana
nestle coffee-mate the original - powdered creamer ,mate the original - powdered creamer ,nestle coffee,120,12,6,0,12.0,tsp
coffee - brewed from grounds, brewed from grounds,coffee ,28,0,1,3,12.0,cup
kashi - go lean instant hot cereal honey and cinnamon - net carbs, go lean instant hot cereal honey and cinnamon - net carbs,kashi ,450,63,6,24,3.0,packet
kashi go lean - oatmeal creamy all natural, oatmeal creamy all natural,kashi go lean ,300,50,4,18,2.0,package
turbana - banana, banana,turbana ,100,23,0,1,1.0,medium
"quaker instant oatmeal - maple   brown sugar, lower sugar"," maple   brown sugar, lower sugar",quaker instant oatmeal ,480,96,8,16,136.0,g
glaceau vitamin water zero - power-c dragonfruit 20 oz , power-c dragonfruit 20 oz ,glaceau vitamin water zero ,0,4,0,0,20.0,oz 
dannon - light   fit greek pomegranate berry yogurt, light   fit greek pomegranate berry yogurt,dannon ,80,9,0,12,1.0,container
quaker - low sugar apples   cinnamon instant oat meal, low sugar apples   cinnamon instant oat meal,quaker ,440,88,6,12,4.0,packet
melissa s dried goji berries - berries, berries,melissa s dried goji berries ,30,6,0,2,0.1,cup
hanover - broccoli cuts, broccoli cuts,hanover ,100,12,0,8,4.0,cup
teras whey - protein powder vanilla, protein powder vanilla,teras whey ,28,1,0,5,7.0,grams
dannon light   fit - citrus blend greek yogurt, citrus blend greek yogurt,dannon light   fit ,80,8,0,12,5.3,oz
generic - small buscuit, small buscuit,generic ,100,17,6,2,1.0,buscuit
teras whey - protein powder vanilla, protein powder vanilla,teras whey ,55,2,1,11,14.0,grams
market pantry - instant oatmeal maple and brown sugar lower sugar 5 15 14, instant oatmeal maple and brown sugar lower sugar 5 15 14,market pantry ,240,48,4,8,2.0,packet
market pantry - instant oatmeal maple and brown sugar lower sugar 5 15 14, instant oatmeal maple and brown sugar lower sugar 5 15 14,market pantry ,480,96,8,16,4.0,packet
teras whey - protein powder vanilla, protein powder vanilla,teras whey ,83,3,1,16,21.0,grams
teras whey - protein powder vanilla, protein powder vanilla,teras whey ,39,1,1,7,9.8,grams
teras whey - protein powder vanilla, protein powder vanilla,teras whey ,88,3,1,17,22.4,grams
teras whey - protein powder vanilla, protein powder vanilla,teras whey ,138,5,2,26,35.0,grams
teras whey - protein powder vanilla, protein powder vanilla,teras whey ,110,4,2,21,28.0,grams
plant fusion - vanilla bean protein shake, vanilla bean protein shake,plant fusion ,60,2,1,11,0.5,scoop
new england - large honeycrisp apple, large honeycrisp apple,new england ,130,34,0,0,10.0,oz
great value - instant oatmeal maple   brown sugar sugar free , instant oatmeal maple   brown sugar sugar free ,great value ,400,72,8,16,4.0,packet
plant fusion - vanilla bean protein shake, vanilla bean protein shake,plant fusion ,120,4,2,21,1.0,scoop
great value - instant oatmeal maple   brown sugar sugar free , instant oatmeal maple   brown sugar sugar free ,great value ,200,36,4,8,2.0,packet
plant fusion - vanilla bean protein shake, vanilla bean protein shake,plant fusion ,240,8,4,42,2.0,scoop
plant fusion - vanilla bean protein shake, vanilla bean protein shake,plant fusion ,180,6,3,32,1.5,scoop
think thin - lean protein   fiber bar cinnamon bun white chocolate, lean protein   fiber bar cinnamon bun white chocolate,think thin ,450,60,15,30,120.0,grams
"wawa - mixed fruit, large"," mixed fruit, large",wawa ,140,36,1,2,12.0,ounces
chobani - greek yogurt non-fat strawberry, greek yogurt non-fat strawberry,chobani ,140,21,0,13,1.0,contaner
great value - instant oatmeal maple   brown sugar sugar free , instant oatmeal maple   brown sugar sugar free ,great value ,300,54,6,12,3.0,packet
turbana - banana, banana,turbana ,200,46,0,3,2.0,medium
shoprite - instant oatmeal - strawberries   cream , instant oatmeal - strawberries   cream ,shoprite ,520,108,8,12,4.0,packet
no sugar count - apple, apple,no sugar count ,70,14,0,0,1.0,medium
"fruit - banana, small"," banana, small",fruit ,72,23,1,1,1.0,banana
generic - conference pear, conference pear,generic ,101,27,0,1,1.0,medium
mushrooms - raw, raw,mushrooms ,10,1,0,1,2.0,large
raspberries - raw, raw,raspberries ,10,2,0,0,10.0,raspberries
"cucumber - with peel, raw"," with peel, raw",cucumber ,8,2,0,0,0.5,cup
tea - peppermint, peppermint,tea ,0,0,0,0,1.0,cup
tesco - fat free natural yoghurt, fat free natural yoghurt,tesco ,52,5,0,6,100.0,g
weetabix - weetabix  2 biscuits , weetabix  2 biscuits ,weetabix ,134,26,1,4,2.0,biscuits
kroger grade a large - egg, egg,kroger grade a large ,210,0,15,18,3.0,egg
morrisons value - tinned chopped tomatoes, tinned chopped tomatoes,morrisons value ,96,14,0,7,1.0,can
linda mccartney - vegetarian red onion and rosemary sausages, vegetarian red onion and rosemary sausages,linda mccartney ,128,10,4,14,2.0,sausage
